diamond  3 2014年01月06日14时地面变温                        
  14  01  06  14 1000 0 0 0
39 122.7 37.3 122.5 36.7 120.8 36.2  119.3 35.0 120.4 34.3
 121.1 32.7 122.3 30.9 122.5 30.1  121.5 28.0 119.8 25.0
 116.1 22.6 111.0 21.0 111.0 18.6  109.6 18.1 108.3 18.5
 108.9 19.9 109.3 21.0 106.4 21.6 104.1 22.2 101.6 20.8
 98.7 22.0  97.1 24.1  97.7 27.0 91.7 26.6  85.7 27.7
 78.9 30.6  73.3 37.1  74.1 40.7 87.6 49.8  98.5 43.9
 110.4 44.3 122.0 54.7 135.7 48.3 131.5 42.2 125.2 39.4
 121.3 38.5 121.2 40.3 118.5 38.6 120.8 38.1
1  1115
48315 100.80  19.12   236     2
48374 101.23  16.77   144     3
48385  98.85  16.02   460     0
48390 103.58  16.32   140     2
48418 101.18  15.27    51     3
44241 106.07  48.92   807    -5
44272  96.85  47.75  1759   -12
44285 102.77  46.90  1662   -11
56067 101.48  33.43  3628     0
54135 122.27  43.60   178     3
54511 116.47  39.80    31    -6
53612 106.18  37.98  1128    -1
58259 120.98  32.08     4     3
59754 110.18  20.33    55     0
44449  84.98  27.17   137    -5
48383 104.72  16.53   139     1
38696  66.95  39.63   725     0
50514 117.32  49.58   661     6
58005 115.67  34.45    50     2
56331  97.83  29.67  3780    -3
51886  90.85  38.25  2944     1
56029  96.97  33.00  3716    -4
50978 130.92  45.30   272     2
57649 109.68  28.23   254     2
57687 112.92  28.22    68    -4
57745 109.68  27.45   272     0
54843 119.20  36.75    22    -3
57348 109.53  31.02   299     1
57520 107.07  29.83   377     2
53446 109.88  40.53  1004     0
57516 106.47  29.58   259     1
57584 113.08  29.38    53    -7
58321 117.30  31.78    27     1
57445 109.72  30.60   609     1
59280 113.08  23.72    79     0
58255 120.57  32.37     6     2
54243 124.12  42.78   165     3
58834 118.17  26.63   152     0
52203  93.52  42.82   737    -1
51855  85.55  38.15  1247    -1
51644  82.97  41.72  1081     0
51463  87.65  43.78   935    -5
58562 121.55  29.78     5     3
58569 121.95  29.20   128     4
58221 117.30  32.85    26     1
54208 116.47  42.18  1245     7
54254 124.05  42.53    98     4
41923  90.38  23.77     9    -1
41943  91.42  23.03     8     3
57780 113.17  27.87    74    -5
57673 112.88  28.68    53    -8
58402 115.67  30.73   123    -1
57358 110.97  30.83   295    -2
53478 112.45  40.00  1345     2
57774 112.17  27.45   100    -5
56128  96.60  31.22  3810    -4
56434  97.47  28.65  2327     0
53463 111.57  40.85  1153     2
54836 118.17  36.18   305    -3
53502 105.75  39.78  1031     2
53192 114.95  44.02  1126     5
54751 120.73  37.93    39     0
59278 112.45  23.03    41     2
51747  83.67  39.00  1099     2
56485 103.58  28.27  1255    -1
57237 108.03  32.07   674    -4
58354 120.35  31.62     3     1
58846 119.52  26.67    32     0
58731 118.53  27.92   276     0
59133 118.92  24.90    21     1
58725 117.47  27.33   218    -1
50658 125.88  48.05   236     7
50742 124.48  47.80   162     9
54929 117.97  35.27   121     0
57894 114.17  26.58   843    -1
59021 107.03  24.55   509    -2
59023 108.03  24.70   260    -3
59218 106.42  23.13   739    -3
48324  99.23  17.63   192    -1
48350 101.72  17.40   263     2
48401 100.52  15.33    93     2
57181 113.05  33.88   136    -4
57502 105.70  29.70   394     3
56021  95.80  34.12  4175    -2
53863 111.92  37.03   743    -5
57399 114.95  31.13    74    -5
56173 102.55  32.80  3491     0
56666 101.72  26.58  1224     3
59417 106.85  22.33   128    -4
53775 112.53  37.43   781    -4
57655 110.40  28.47   151     0
52866 101.75  36.73  2295    -2
58634 118.25  28.68   116     0
58608 115.55  28.07    30    -2
50136 122.52  52.97   433     3
54027 119.40  43.98   486     3
53231 106.38  41.45  1510    -9
57832 108.67  26.97   626    -5
59303 115.75  23.92   135     1
58450 120.05  30.87     7     0
58666 121.90  28.45    86     3
58742 119.55  28.12   163     1
58531 118.28  29.72   142     1
58236 118.25  32.35    33     1
58424 116.97  30.62    62    -3
58429 117.85  30.98    11     0
57127 107.03  33.07   509    -1
57154 110.90  33.53   523    -1
53929 107.80  35.20  1206    -3
57343 109.53  31.90   995    -6
50442 124.12  50.40   371    -2
51186  90.38  46.67  1218    -9
51367  86.82  44.13   522    -7
52825  96.43  36.43  2790    -1
50915 116.97  45.52   838     6
54284 127.50  42.15   774     5
54377 126.22  41.15   225     2
58040 119.13  34.85     5    -1
54449 119.52  39.85     2     1
54602 115.48  38.73    16    -7
54624 117.32  38.40     4    -2
59298 114.37  23.07   108     1
54335 122.08  41.68    37     2
51730  81.27  40.55  1012    -1
50838 122.05  46.08   274     0
56786 103.83  25.58  1898     0
56875 102.55  24.33  1716     0
56643  98.85  25.87   949     0
56886 103.77  24.53  1704     1
56951 100.08  23.88  1502    -1
56966 101.98  23.60   400    -1
57426 107.80  30.68   454     3
52984 103.18  35.58  1917    -3
56969 101.58  21.47   633     0
48018  96.33  24.17    95    -1
48077  95.22  18.80    60     0
48030  93.62  22.65  1865     0
48051  92.63  20.85     3     1
48099  97.67  16.75    10     0
45004 114.17  22.30    66     1
45005 114.17  22.30    40     0
36911  75.28  42.83   817    -7
47100 128.72  37.67   773     1
47104 128.85  37.80    80     2
47106 129.12  37.50    41     3
47740 133.33  36.20    32     1
47778 135.75  33.45    69     0
47918 124.17  24.33    14     1
47112 126.62  37.47    69     3
47119 126.98  37.27    37     2
47130 129.40  36.98    51    -1
47146 127.15  35.82    54     3
47108 126.95  37.57    87     3
47133 127.37  36.37    69     2
40898  60.62  25.28     8     0
44373 104.42  43.58  1465   -10
48351 100.08  17.62    64     2
48304  99.77  19.87   401     2
48437 103.25  15.23   184     3
47891 134.05  34.32    14     1
48353 101.72  17.45   254     2
45007 113.92  22.30     7     0
54523 117.02  39.38     4    -6
53480 113.07  41.03  1419     4
53787 112.98  37.07  1041    -4
53959 111.05  35.05   365    -7
56033  98.22  34.92  4272     2
59306 115.85  23.45    80     1
56792 104.97  25.78  1649     2
57749 110.00  27.57   257     0
52323  97.03  41.80  1770    -8
54064 125.15  44.38   170     6
54171 126.52  43.70   229     7
54363 125.90  41.68   402     2
54195 129.78  43.30   244     0
48377  99.00  17.23   144     2
47097 127.48  37.25    79     1
47150 126.55  36.32    16     1
47174 127.23  35.07    75     1
47189 126.55  33.23    50     0
48386 100.37  16.33    39    -1
48387  98.93  16.75   867     1
56106  93.78  31.88  4022    -1
56178 102.35  31.00  2438     1
53882 113.07  36.05   991    -4
52713  95.35  37.85  3173    -1
52737  97.38  37.37  2981    -1
57562 111.37  29.58   116    -4
53963 111.37  35.65   433    -2
50758 125.90  47.18   246     4
52436  97.03  40.27  1526    -3
59096 114.48  24.37   214     0
57669 111.22  28.38   128    -4
56109  93.78  31.48  3940    -6
53594 114.18  39.45   938    -5
57993 115.00  25.87   137     1
47184 126.52  33.50    21     1
48372  99.80  17.10    50     1
47605 136.63  36.58    33     1
47746 134.23  35.48    15    -1
47750 135.32  35.45    22    -3
47772 135.52  34.68    83     3
58507 115.12  29.25   116    -2
50739 123.18  47.33   190    -1
51288  90.53  45.37  1653    -8
51431  81.33  43.95   662    -7
57606 106.83  28.13   972    -5
50948 124.02  45.00   146     3
54260 125.08  42.92   252     7
58026 118.02  34.40    25     1
58027 117.15  34.28    41     2
58038 118.78  34.08    10     1
58252 119.47  32.18    27     2
54423 117.92  40.97   422    -5
57306 105.97  31.58   382    -1
52908  93.08  35.22  4612    -4
53740 109.23  37.93  1111    -1
48356 104.13  17.15   172     3
48381 102.78  16.45   193     2
48402 100.18  15.15    16     2
54455 120.65  40.62    20     3
59673 112.77  21.73    21     0
51701  75.40  40.52  3504    -3
51839  82.72  37.07  1409     2
51628  80.23  41.17  1103    -2
54753 120.33  37.63     4    -1
54826 117.10  36.25  1533    -3
44265  91.47  46.12  1186   -10
44406  80.95  29.25   617     1
44409  80.55  28.80   187    -6
44288 102.78  46.27  1813   -14
52495 104.80  40.17  1323    -3
59242 109.23  23.75    84    -3
50564 127.35  49.43   234     7
53723 107.38  37.80  1349    -5
53806 105.65  36.57  1854    -9
58238 118.90  31.93    35     2
56227  95.77  29.87  2736    -2
54333 122.85  41.97    30     2
51243  84.85  45.62   449    -4
58467 121.27  30.20     4     3
58752 120.65  27.78    39     2
58314 116.32  31.40    86    -5
58336 118.57  31.70    80     1
58414 116.32  30.43   105    -2
58436 118.98  30.62    87     1
48354 102.80  17.37   178     3
48400 100.12  15.67    35     2
51567  86.57  42.08  1055    -1
51346  84.67  44.43   478    -5
57483 113.13  30.67    31    -6
57265 111.73  32.43   132    -4
57405 105.55  30.50   355    -1
57608 105.43  28.17   377     2
53487 113.42  40.08  1052     1
58744 119.42  27.45   815    -1
58933 118.98  26.92   869    -3
58927 117.02  25.05   376     0
50950 125.25  45.70   148     1
57091 114.30  34.78    73    -4
57285 113.42  32.38   153    -8
54857 120.33  36.07    76    -3
57827 107.53  26.32   969    -7
59088 113.42  24.18    74     1
59117 116.07  24.28   116     1
58557 120.08  29.33    90     1
58633 118.90  29.00    82     0
58667 121.27  28.08    95     3
58122 116.98  33.63    25     3
58319 116.95  31.07    85    -2
58419 117.02  30.10    17    -3
57003 106.83  34.90   924    -3
57025 107.38  34.52   781    -2
57028 107.32  34.03  1543    -4
57030 108.15  34.70   994    -2
56954  99.93  22.57  1054     1
56751 100.18  25.70  1990     0
52787 102.87  37.20  3045    -8
48062  92.88  20.13     5     1
48080  94.35  18.47    11     0
48103  97.62  16.50    22     1
44418  81.67  28.10   165    -6
44477  87.35  26.98  1210     1
48325  97.93  18.17   213     3
38613  72.95  40.92   765     1
38565  65.68  40.55   484     2
38611  71.58  41.00   474     0
38618  71.75  40.38   577    -2
38812  65.72  38.75   375     1
45045 114.30  22.17    60    -1
44304 110.63  47.32  1033     1
53519 106.77  39.22  1092    -3
53705 105.68  37.48  1183    -3
56257 100.27  30.00  3948    -3
59316 116.68  23.40     2     1
59664 110.98  21.53    31    -1
59317 116.30  23.03    14     2
53687 113.63  37.78   753    -4
55655  85.97  28.18  3810    -1
58158 120.48  33.20     3     2
54346 123.78  41.32   185     4
58407 115.03  30.23    32    -3
51526  88.22  42.23   922     1
51334  82.90  44.60   318    -3
51573  89.20  42.93    34     0
48303  99.87  19.95   393     3
48379 101.15  16.43   116     1
40878  62.33  27.33  1195    -1
58665 121.42  28.62     4     3
58203 115.73  32.87    32    -2
58520 117.72  29.85   142    -2
54237 121.75  42.07   167     2
54486 123.28  40.28    79     0
54259 124.92  42.10   237     2
54351 124.08  41.92   118     1
51804  75.23  37.77  3090    -1
51477  88.32  43.35  1103    -5
57279 112.75  32.15   125    -7
57378 112.57  31.17    65   -10
56182 103.60  32.67  2881     1
56479 102.85  28.00  2132     1
58944 119.78  25.52    32     1
58837 118.15  26.17   137    -1
50353 126.63  51.73   173     7
57290 114.02  33.00    82    -7
52833  98.48  36.93  2950     0
52645  99.58  38.42  3320     1
58527 117.20  29.30    61     0
59097 114.20  24.05   198     1
59289 113.73  22.97    56     1
58472 122.45  30.73    79     3
58118 116.52  33.27    26     0
58311 116.50  31.73    74    -4
57131 108.97  34.43   410     0
53948 109.58  34.95   499    -1
53735 108.80  37.62  1336    -2
56444  98.92  28.48  3319    -1
56763 101.87  25.73  1120     1
56964 100.97  22.78  1302     1
52797 104.05  37.18  1630    -5
48331 100.75  18.77   201     1
48378 100.27  16.78    45     1
38462  70.37  41.90  1255     0
44218  91.57  48.02  1405   -10
44275  98.08  46.83  2255    -1
44284 100.13  46.70  2126    -9
44302 112.12  47.78   926    -1
44347 105.32  44.42  1298    -8
44438  83.45  27.52   109    -6
44454  85.37  27.70  1337     0
48403 102.02  15.80   184     2
38457  69.30  41.33   477    -2
52754 100.13  37.33  3301     3
56144  98.58  31.80  3184     0
52974 102.02  35.52  2491     0
52267 101.07  41.95   940     0
55472  88.63  30.95  4672    -3
57193 114.52  33.78    52    -5
56018  95.28  32.88  4066    -2
58519 116.68  29.00    40     1
54623 117.72  39.05     4    -4
48355 104.05  17.12   192     3
48404 103.60  16.07   155     2
54273 126.75  42.98   263     2
57381 113.33  31.62   116    -8
59948 109.58  18.22   419     2
55279  90.02  31.38  4700    -3
55294  91.10  32.35  4800    -4
55248  84.42  32.15  4414    -2
55681  90.40  28.97  4431    -4
53663 111.82  38.92  1401     1
53195 113.63  43.85  1036     2
53352 110.43  41.70  1376     0
57642 109.63  28.70   325     2
57853 110.63  26.73   341    -2
57583 113.97  29.92    61    -5
50844 123.45  46.40   138     2
50862 127.98  46.98   206    10
57916 106.77  25.43   440     1
58437 118.15  30.13  1840     1
52378 102.37  41.37   960     1
54823 117.00  36.60   170    -1
57633 108.77  28.82   826     1
56034  97.13  33.80  4415    -6
56043 100.23  34.48  3719    -2
57776 112.70  27.30  1265    -3
57872 112.60  26.90   104    -2
50877 129.58  46.30   100    -1
56187 103.87  30.75   547    -1
57313 106.77  31.87   417     0
56223  95.83  30.75  3640    -3
55493  91.10  30.48  4200    -3
47099 126.75  37.88    30     2
47121 128.45  37.17   241     1
47135 127.98  36.22   245     2
47140 126.75  36.00    24     2
47172 126.58  35.33    56     2
52986 103.87  35.37  1893    -3
53664 111.13  38.47  1012     0
54744 118.55  37.58     8    -1
57741 109.18  27.72   282    -1
53915 106.67  35.55  1346    -4
52533  98.48  39.77  1477    -1
59845 109.58  19.52   169     2
56151 100.75  32.93  3530    -1
57793 114.38  27.80   131    -6
59102 115.65  24.95   303     1
59092 114.82  24.92   206     2
50247 123.57  52.03   514     5
51542  84.15  43.03  2458     2
51053  86.40  48.05   532    -1
51232  82.57  45.18   336    -5
48045  93.95  21.38  1395     4
48053  95.83  20.83   220     1
48075  97.22  19.68   894    -1
48101  95.67  16.27     2     2
57647 109.18  28.15   406     0
56065 101.60  34.73  3500     2
58926 117.42  25.30   205     0
54916 116.85  35.57    51     0
50936 122.83  45.63   155     2
54041 123.07  44.80   150     5
54263 126.05  42.97   336     3
58138 118.52  32.98    40    -1
54606 115.73  38.23    19    -8
59663 111.97  21.83    89     1
57612 106.65  29.00   474     0
51765  87.70  40.63   846     2
51068  87.47  47.12   500    -4
50632 121.92  48.77   739    -2
50349 124.40  51.67   501     4
38353  74.53  42.85   760    -3
47827 130.53  31.55    31    -2
47893 133.55  33.57     5    -1
47945 131.23  25.83    20     1
45039 114.20  22.40    12     0
45044 114.02  22.20    79     1
48830 106.77  21.83   263    -5
48408 105.03  15.23   130     1
40856  60.88  29.47  1370    -3
58600 115.37  28.87    78    -3
50973 130.60  45.75   234     5
36982  78.23  41.88  3639    -4
58715 116.65  27.58    80     0
53898 114.40  36.05    62    -3
50949 124.87  45.08   136     3
54181 127.33  43.70   295     2
54386 128.18  41.42   775     3
53276 112.90  42.40  1150     2
54115 118.03  43.63   825     9
56691 104.28  26.87  2237     1
57874 112.40  26.42   116    -2
57493 114.33  30.35    73    -4
53490 114.05  40.43  1014     0
57889 113.95  26.08   835    -3
57574 112.40  29.37    36    -6
57707 105.28  27.30  1510     1
40879  60.70  27.20   591     1
47662 139.77  35.68    36     2
47678 139.77  33.12   156    -2
47843 128.83  32.70    26    -1
57718 106.73  27.10  1038    -9
57816 106.73  26.58  1223    -6
52447  98.88  40.00  1270    -1
52652 100.28  39.08  1461    -1
53923 107.63  35.73  1421    -6
56116  95.60  31.42  3873    -3
55585  90.17  29.43  3809    -5
57523 107.73  29.85   290     3
56125  96.47  32.20  3643    -1
53673 112.72  38.73   828    -5
57766 111.45  27.18   311    -4
57965 111.60  25.53   192     0
56172 102.23  31.90  2664     2
56312  94.33  29.67  2991    -1
44213  94.40  49.65  1232    -5
44225  98.20  48.73  1723    -9
44256 114.40  49.55   705    -2
44317 115.37  45.90  1076    -3
48852 107.58  16.43     9     3
44424  82.17  29.28  2300     0
44429  82.50  28.05   634    -3
44474  87.67  27.35  1732    -3
48802 103.82  22.35  1581    -1
48803 103.97  22.50    97    -2
44478  87.27  26.48    72    -4
48310  99.88  19.18   398     5
48357 104.78  17.42   147     0
48405 103.65  16.05   142     2
38396  60.63  41.57   100     1
48810 105.83  22.15   176    -4
48831 105.83  21.60    32    -1
47830 131.40  31.93    15    -2
47887 132.78  33.85    34     0
59644 109.13  21.45    12     1
56096 104.92  33.40  1079    -5
59324 117.03  23.43     7     2
52424  95.78  40.53  1170     2
57789 113.95  27.13   194    -4
58705 115.42  27.33    85    -3
57696 114.78  28.40    91    -4
57598 114.58  29.03   146    -7
58506 115.98  29.58  1164     0
51469  87.18  43.45  1930    -2
51241  83.60  45.93  1077    -1
51433  82.52  43.80  1105    -7
57494 114.05  30.60    23    -7
58818 116.63  26.23   358     2
54157 124.33  43.17   165     4
54518 116.40  39.17     8    -6
54705 115.38  37.37    27   -10
59462 111.60  22.70    60     4
59501 115.37  22.80    16     3
51656  86.13  41.75   931     0
51777  88.17  39.03   887     1
54842 120.00  36.78    62    -7
53602 105.67  38.83  1561   -12
58734 118.12  27.33   196    -1
58730 118.03  27.77   222    -1
50873 130.30  46.78    82     4
41950  90.37  22.75     4     2
48358 104.78  17.43   153     2
56202  93.28  30.67  4488    -2
53817 106.27  36.00  1753    -6
54324 120.43  41.55   174     4
54470 122.07  41.02     5     4
53083 114.15  44.62  1181     6
59116 116.70  24.33    81     2
58143 119.85  33.80     4     2
58251 120.28  32.85     3     3
54579 122.58  39.27    35     2
54497 124.33  40.05    13     1
52101  93.05  43.60  1677    -6
51330  81.02  44.97  1357    -4
57573 112.90  29.83    30    -8
57545 109.42  29.53   502     2
57482 113.95  30.90    25    -7
48078  96.47  18.92    49     2
57278 112.08  32.00   163    -6
56565 101.52  27.43  2545     0
56357 100.30  29.05  3727    -3
56475 102.52  28.65  1659    -1
56188 103.67  31.00   698    -1
58241 119.45  32.80     5     0
58358 120.43  31.07    16     2
53975 112.40  35.48   659    -1
54094 129.60  44.57   241     3
50774 128.83  47.70   264     3
50788 131.98  47.23    66     6
57758 110.58  27.07   323    -3
57297 114.05  32.13   114    -9
57077 111.65  33.78   742    -6
59209 105.83  23.42   794    -1
47129 126.48  36.77    30     2
47136 128.70  36.57   141     0
47143 128.62  35.88    65     0
47154 128.32  36.12    50     0
47155 128.57  35.17    38    -1
47157 127.90  35.67   222     0
47169 125.45  34.68    77     2
47188 126.87  33.38    19     2
47192 128.03  35.15    31    -1
59228 107.58  23.32   108    -4
55690  91.95  27.98  4280    -5
54134 121.28  43.60   241     4
50425 120.18  50.25   581     7
54026 120.90  44.57   265    -2
50639 122.73  48.00   306    -3
53149 110.13  42.53  1225    -2
57729 107.88  27.23   622    -9
57926 107.88  25.42   428    -2
57614 106.22  28.33  1180    -3
59485 113.40  22.50    33     1
58457 120.17  30.23    41    -1
58477 122.10  30.03    35     2
54308 116.63  41.20   735    -4
53725 107.58  37.58  1360    -6
53754 110.22  37.50   929    -2
53942 109.42  35.77  1155    -2
53738 108.17  36.92  1331    -4
56548  99.28  27.17  2326    -1
56991 104.33  23.62  1561     4
56533  98.67  27.75  1583     0
56985 103.38  23.38  1300     5
56748  99.18  25.12  1652    -2
48839 107.72  20.13    56     2
48373  99.85  17.15    54     2
48416 103.67  15.30   129     2
45032 114.15  22.52    14     0
44203  99.67  51.12  1583    -4
44207 100.15  50.43  1668    -6
44215  91.72  49.02  1590    -7
44305 113.28  46.68   981     2
48380  99.52  16.48    81     1
38413  64.62  41.73   236     1
38683  64.62  39.72   224    -1
38927  67.32  37.28   311     0
41992  91.93  21.43     4     3
48333 100.73  18.85   265     0
48384 102.82  16.33   166     2
48010  94.92  24.87   131     1
48025  94.30  23.20   109    -1
48042  96.10  21.98    76     1
48048  94.92  21.20    55     0
48094  94.77  16.77    10     2
48072  93.73  18.85     9     0
48095  95.65  16.73     5     1
47098 127.05  37.90   110     2
58718 116.53  27.22   111     2
55680  89.60  28.92  4040    -5
55299  92.07  31.48  4507    -4
52633  98.42  38.82  3367     2
52955 100.73  35.58  3120     2
50888 132.18  46.32    83     4
57752 110.60  27.92   204    -1
52674 101.97  38.23  1976    -8
52446  99.52  40.30  1177    -3
50945 124.27  45.50   137     2
54165 125.63  43.55   219     6
54186 128.20  43.37   524     3
54286 129.00  42.53   475     4
54374 126.88  41.80   379     2
59037 108.10  23.93   170    -3
59838 108.62  19.10     7     2
56317  94.22  29.22  2950    -1
59107 115.28  24.12   179     2
54012 117.60  44.58  1001     7
53068 111.93  43.63   963     0
51633  81.90  41.78  1229     3
54266 125.63  42.53   340     4
53578 112.43  39.37  1114    -2
57857 110.32  26.37   477    -2
57731 108.25  27.95   416    -2
52889 103.88  36.05  1517     0
52681 103.08  38.63  1367    -2
58843 120.02  26.88    56     3
59453 110.12  22.67   121     0
57251 110.42  33.00   249    -4
56196 104.73  31.45   522    -4
57256 110.78  32.65   286    -6
57845 109.78  26.17   397    -2
57866 111.62  26.23   172    -3
50468 127.45  50.25   166     3
56671 102.25  26.65  1787     1
56374 101.97  30.05  2615    -1
57503 105.12  29.62   349     2
59254 110.08  23.40    42    -2
59271 112.43  23.63    57     2
51810  77.63  38.92  1178    -3
56137  97.17  31.15  3315    -1
57051 111.20  34.80   409    -7
56074 102.08  34.00  3471    -1
53821 107.30  36.57  1255    -1
59954 110.03  18.55    35     1
56004  92.43  34.22  4533    -5
52818  94.92  36.42  2807     3
51156  85.72  46.78  1291    -4
54161 125.22  43.90   236     5
58130 117.95  33.93    23     2
58141 118.93  33.63    12     1
54429 117.95  40.20    54    -4
54646 118.42  38.45    30     0
54454 120.30  40.33    29     2
59082 113.60  24.67   121     0
51704  76.17  39.72  1298    -2
54725 117.53  37.50    11    -3
54102 116.12  43.95  1003     8
53336 108.52  41.57  1288     1
59632 108.62  21.95     4     1
59855 110.47  19.23    24     2
57355 110.37  31.03   334    -2
57912 106.63  26.13   990     0
57803 106.02  27.03  1231    -7
54349 124.13  41.30   258     3
57259 110.77  32.03   426    -5
54452 119.82  40.80   365     2
58918 116.42  25.05   198     2
51358  85.82  44.28   468    -6
54584 122.95  39.72    34     2
54471 122.17  40.65     3     5
51811  77.27  38.43  1231    -1
51437  81.13  43.15  1851    -3
51705  75.25  39.72  2175    -3
51931  81.65  36.85  1422     1
57439 108.93  30.28  1074     1
56462 101.50  29.00  2925     0
56459 101.27  27.93  2426    -1
56079 102.97  33.58  3441     0
56167 101.12  30.98  2957     4
56152 100.33  32.28  3893    -2
53564 111.15  39.38   861    -4
58754 120.20  27.33    36     1
59134 118.07  24.48   139     2
58847 119.28  26.08    84     0
59321 117.50  23.78    53     1
57071 112.43  34.82   333    -4
56046  99.65  33.75  3967    -4
54776 122.70  37.40    47    -1
55589  90.98  29.30  3555    -3
59985 111.62  16.53     4     1
58102 115.77  33.87    37     1
58326 117.83  31.58    30     1
58338 118.58  31.15    17    -1
57106 106.15  33.32   794    -2
53646 109.78  38.27  1157    -1
53651 110.47  38.82  1098    -1
57046 110.08  34.48  2064    -5
57238 107.90  32.53   693    -5
56664 101.27  26.63  1230     4
56739  98.50  25.02  1654    -3
47131 127.43  36.63    58     2
47156 126.88  35.17    73     1
47101 127.73  37.90    78     0
47138 129.37  36.02     3     0
47168 127.73  34.73    65    -2
36974  76.00  41.43  2041    -2
47936 127.68  26.20    50     1
48826 106.63  20.80   116    -3
58606 115.92  28.60    46    -3
44259 114.55  48.08   747    -4
44292 106.87  47.92  1729    -6
48330 100.15  18.12   162     1
40827  60.03  31.53  1211     1
47610 138.18  36.65   419     1
47675 139.35  34.73    75     0
47765 132.47  34.40    54     1
47817 129.87  32.73    35    -1
47927 125.28  24.80    41     1
48823 106.15  20.43     3     2
57922 107.55  25.83  1013     0
58813 116.33  26.85   143     1
59981 112.33  16.83     4     1
57206 105.85  32.43   513    -3
52943  99.98  35.58  3323     1
57805 105.77  26.68  1319    -4
52895 104.68  36.57  1398     2
57432 108.40  30.77   186     3
50246 124.72  52.35   361     2
55598  91.77  29.27  3560    -4
55664  87.08  28.63  4300    -4
58737 118.32  27.05   154     0
50834 121.22  46.60   499     1
57902 105.18  25.43  1378     1
57840 109.20  26.90   401    -4
57554 110.17  29.40   322     2
57974 112.37  25.58   214     1
57671 112.37  28.85    37    -6
54049 123.97  44.25   188     4
57581 113.45  29.82    27    -5
53877 112.25  36.17   860    -6
53868 111.50  36.07   449    -3
57052 110.45  34.88   354    -1
50656 126.50  48.27   277     8
57806 105.90  26.25  1431     1
58034 118.32  34.60    36     0
56247  99.10  30.00  2589    -1
54764 121.23  37.48    53     0
55437  81.25  30.28  3900    -2
55696  92.47  28.42  3860    -5
57512 106.28  29.97   230     2
57536 108.78  29.53   607     3
53853 110.95  36.70  1052    -5
53764 111.10  37.50   950    -1
58208 115.62  32.17    42    -4
54096 131.17  44.38   567     5
57517 106.25  29.28   261     1
58626 117.25  28.32    60     0
57083 113.65  34.72   110    -3
57178 112.58  33.03   129    -5
54292 129.50  42.87   257     1
58345 119.48  31.43     5     0
53399 114.70  41.15  1393     5
53593 114.57  39.83   909     1
53698 114.35  38.07   103    -7
54405 115.50  40.42   570    -5
54436 118.95  40.42   254    -2
54493 124.78  40.72   260     0
57996 114.25  25.08   149     1
59293 114.73  23.80    70     1
59304 115.18  23.63   176     2
51133  83.00  46.73   534    -4
54863 121.18  36.78    40     0
50548 123.72  49.20   286    -1
59065 111.50  24.42   148    -1
48863 108.78  15.13     9     3
48037  95.13  22.10    82     0
48071  93.55  19.42     5     0
48097  96.17  16.77    15     1
59446 109.30  22.42    66     0
58921 117.35  25.97   206     0
54406 115.97  40.45   487    -6
57328 107.50  31.20   344     2
56571 102.27  27.90  1590     1
44231 100.17  49.63  1283    -1
50983 132.97  45.77   100     3
53615 106.70  38.80  1101    -4
53704 105.18  37.53  1225    -3
53810 105.90  36.97  1339    -6
57932 108.53  25.97   285    -1
58343 119.98  31.88     4     1
58622 117.58  28.95    88     0
54326 119.70  41.38   422     3
54472 122.72  40.88    25     5
50745 123.92  47.38   147     8
58448 119.70  30.22   117    -4
58225 117.67  32.53    69     0
54660 121.23  38.82    66     2
54662 121.63  38.90    91     2
54563 122.02  39.63   118     2
51087  89.52  46.98   807    -5
52112  95.13  43.77   479    -1
51711  78.45  40.93  1985   -12
51379  89.57  44.02   793    -5
57359 110.73  31.35   336    -4
57156 111.50  33.30   250    -3
53986 113.88  35.32    73    -3
58111 116.45  33.97    32     4
57089 113.93  34.07    67    -5
54945 119.53  35.43    36     0
57712 106.95  27.73   983    -6
57825 107.98  26.60   720    -9
59849 109.83  19.03   250     1
59072 112.37  24.80   131    -1
54311 117.77  41.97   892    -2
58015 116.33  34.45    44     7
53854 110.07  36.58   804    -3
53955 110.45  35.47   458     0
57049 109.73  34.52   341     1
57124 106.93  33.63  1032    -1
57134 107.98  33.52   827    -6
57211 106.25  32.83   836    -3
57232 108.27  33.05   484    -3
56543  99.70  27.83  3276    -2
56946  99.40  23.55  1104     1
53772 112.58  37.62   776    -4
44212  92.08  49.80   939    -5
44232 102.70  49.38   938     2
44282 101.47  47.45  1691   -15
44287 100.68  46.13  1859    -9
44341 106.28  45.77  1393    -5
44352 112.37  45.73  1101    -1
44404  80.58  29.30  1848     1
48352 102.73  17.85   175     2
41859  89.23  25.73    34     9
41891  91.88  24.90    35     0
47090 128.55  38.25    19     2
47152 129.32  35.55    35     0
47162 128.43  34.83    34    -1
47173 127.32  35.40    91     1
47185 126.15  33.28    75     2
48825 105.77  20.97     7     2
47570 139.92  37.48   216    -1
47655 138.20  34.60    46     2
47815 131.62  33.23    13     1
48327  98.97  18.77   314     1
48808 106.25  22.67   243    -5
47600 136.88  37.38     6     0
47807 130.37  33.57    15    -1
47909 129.50  28.38     8    -1
50527 119.70  49.25   649     2
57957 110.30  25.32   164    -3
57947 109.40  25.22   121    -3
56586 103.72  27.35  1949    -1
59007 105.07  24.07  1249     2
59626 107.97  21.53    21    -2
52765 101.62  37.38  2850     3
56146 100.00  31.62  3393     2
57411 106.10  30.78   309     0
59211 106.60  23.90   174     0
53588 113.52  38.95  2208     1
57067 111.03  34.05   568    -4
50557 125.23  49.17   242     5
52418  94.68  40.15  1139    -2
52657 100.25  38.18  2787    -1
58637 117.98  28.45   118    -1
57799 114.92  27.05    71    -3
57896 114.50  26.33   126     1
58806 116.02  26.48   209     0
51655  86.27  41.35   884     4
59265 111.30  23.48   114    -1
50618 118.27  48.22   642    -2
54142 123.53  43.50   114     3
53798 114.50  37.07    77    -3
54401 114.92  40.77   772    -4
54539 118.88  39.43    10     0
54334 121.25  41.52    74     2
59658 110.30  21.15    53    -1
59488 113.57  22.28    51     0
51495  91.73  43.22   721    -3
51716  78.57  39.80  1116     0
47095 127.30  38.13   155     2
51059  85.87  47.43   984     4
53513 107.37  40.73  1041    -2
59758 110.25  20.00    63     1
50854 125.32  46.38   149     3
57595 114.50  29.60    76    -5
52707  93.68  36.80  2767     1
53614 106.20  38.47  1110     1
53910 106.20  35.67  2841    -3
59087 113.52  23.88    97     1
52602  93.33  38.75  2770    -1
59113 116.72  24.73   226     2
51076  88.08  47.73   735    -6
51238  82.07  44.90   531    -5
51467  86.33  42.77  1732     0
58646 119.92  28.45    59     2
58760 121.15  27.83    68     2
54236 122.55  42.38    79     1
54339 123.00  41.08    77     4
51581  90.23  42.85   398    -1
51709  75.98  39.47  1289    -2
52118  94.70  43.27  1728    -6
51365  87.53  44.20   440    -4
56492 104.60  28.80   340    -5
56287 103.00  29.98   627     0
58135 118.22  33.48    16    -1
59126 117.65  24.50    28     2
58820 117.17  26.90   342     0
58911 116.37  25.85   310     1
54715 116.57  37.32    18    -7
55773  89.08  27.73  4300    -2
55228  80.08  32.50  4278    -2
54226 120.70  42.33   400     4
57910 106.08  25.77  1197     2
59294 113.83  23.33    30     1
58464 121.08  30.62     5     3
53845 109.45  36.58  1180    -3
57034 108.22  34.25   447     0
57143 109.97  33.87   742     0
57245 109.03  32.72   290    -1
56684 103.28  26.42  2110     2
56977 101.85  22.58  1120     2
56986 103.68  22.98  1414     2
56838  97.85  24.00   762     1
56959 100.78  22.00   582     2
52679 102.67  37.92  1531    -3
48004  95.70  26.00   146     1
48035  97.75  22.93   749     2
48060  99.62  21.30   828     2
48085  94.58  17.58     3    -1
48087  95.42  17.67    25     1
59431 108.22  22.63   121    -2
57761 111.30  27.75   211    -4
50968 127.97  45.22   189     2
56793 104.47  25.72  1800     1
57682 113.57  28.72   106    -6
54218 118.83  42.30   668     3
54063 126.00  44.97   196     4
54285 128.12  42.42   721     5
59046 109.40  24.35    96    -1
50953 126.57  45.93   118     5
59647 109.10  21.03    55     1
59631 108.35  21.78    32    -1
53543 109.98  39.83  1461    -1
57906 106.08  25.18   566     2
54525 117.28  39.73     5    -5
57461 111.30  30.70   133    -3
53968 111.67  35.28   505    -5
57841 109.67  26.57   320    -4
56342  98.60  29.68  3870    -4
53529 107.97  39.08  1381    -5
54909 115.52  35.08    51     3
48328  99.50  18.27   243     1
48376  99.13  16.87   126     1
57710 106.40  27.80   890    -5
48413 101.10  15.65    69     0
47604 139.05  37.92     7     0
47624 139.05  36.40   114    -1
47636 136.95  35.17    56     0
47651 136.52  34.73    18     1
47741 133.05  35.45    22     0
47800 129.30  34.20     4     0
47895 134.57  34.07     6     2
48300  97.97  19.28   274     1
44230 102.00  49.57  1235    -4
44298 108.22  46.45  1286    -3
44313 118.62  47.62   688     5
44336 103.90  45.45  1316    -7
44416  81.62  28.60   670     0
44462  86.50  27.30  1720     3
48329  99.03  18.55   298     1
38579  67.83  40.12   343    -3
48302  99.03  19.92  1530     1
48855 108.35  16.07     7     3
48848 106.60  17.48     8     2
38583  68.68  40.82   263    -1
47114 127.93  37.33   150     1
47137 128.15  36.40    97     0
47145 127.12  36.77    25     3
47171 126.85  35.55    46     3
47159 129.02  35.10    70    -1
47165 126.37  34.82    39     3
48838 107.97  21.52     7    -2
38345  72.22  42.52  1218    -1
45035 113.98  22.47    35     1
58553 120.82  30.05     6     2
58556 120.82  29.60   104     4
57144 109.15  33.43   693    -1
57037 108.98  34.93   710    -2
57048 108.72  34.40   472     0
56768 101.55  25.03  1824     0
56856 100.87  24.47  1162     3
56651 100.22  26.85  2380    -1
58362 121.45  31.40     5     4
52983 104.15  35.87  1874    -3
57014 105.87  34.57  1085    -2
48407 104.87  15.25   123     2
44277  96.25  46.40  2181   -10
48375  98.53  16.70   197     1
48334  99.30  18.32   319     1
52868 101.43  36.03  2237    -1
56693 104.87  26.58  1815     1
56251 100.32  30.93  3000     4
57779 113.35  27.00   102    -4
52546  99.83  39.37  1332    -1
56080 102.90  35.00  2910    -3
54342 123.52  41.73    49     2
54476 122.15  40.17    20     5
50955 126.30  45.38   166     2
55572  89.10  29.68  4000    -4
50727 119.93  47.17   997     6
57839 109.15  26.23   568    -6
57662 111.68  29.12   150    -6
58500 115.20  29.85    45    -5
57972 113.03  25.80   184    -1
57679 112.78  28.12   115    -4
50963 128.73  45.97   108     4
56093 104.02  34.43  2315     1
56228  96.92  30.05  3260    -4
55578  88.88  29.25  3836    -4
54808 115.63  36.23    37    -1
56778 102.65  25.00  1888     0
58215 116.78  32.43    25     0
57604 105.38  28.78   368     1
57907 104.90  25.08  1299     3
44237 101.38  48.53  1509    -9
44239 103.55  48.80  1208    -2
44314 115.63  47.17   907     2
44434  84.00  28.22   827     2
57625 107.45  28.55   679     1
52996 105.02  35.38  2450    -7
52661 101.08  38.80  1765    -1
53884 113.03  36.52   877    -4
53859 110.67  36.10   851    -2
54774 122.13  37.47    65     1
52884 103.95  36.35  1668     0
57395 114.12  31.57    74   -10
57447 109.47  30.28   457     0
52856 100.62  36.27  2835     0
52836  98.10  36.30  3189    -3
56307  92.58  29.15  3260    -2
54534 118.10  39.65    23    -5
54618 116.55  38.08    13    -4
38178  64.33  43.15   236     9
38403  62.47  41.75    97     1
59287 113.48  23.22    70     1
51642  84.27  41.82   982     0
53391 114.00  41.90  1482     4
53362 111.68  41.53  1490     0
54213 119.02  42.93   634     6
54416 116.87  40.38    71    -5
57476 112.15  30.35    31    -7
57458 110.67  30.20   619    -5
52876 102.83  36.33  1813    -3
53903 105.72  35.97  1916    -6
58047 119.23  34.25     4     1
59478 112.78  22.25    32     1
58265 121.60  32.07     3     3
54353 125.05  41.73   328     2
51470  88.12  43.88  1942    -6
48307 100.87  19.40   334     1
48409 104.32  15.08   129     3
48360 102.42  17.22   228     1
48008  97.40  25.37   147    -1
48019  97.20  24.27   113     1
48020  94.42  23.63   116    -2
48057  97.05  20.78  1436    -2
58652 120.72  28.87    83     0
54365 125.35  41.28   245     3
54337 121.12  41.13    65     4
54527 117.05  39.08     3    -4
54528 117.13  39.23     3    -5
51639  82.78  41.23   980     0
51828  79.93  37.13  1375    -2
51720  79.05  40.50  1161    -2
51818  78.28  37.62  1375    -4
52313  94.67  41.53  1573     1
51060  86.87  47.70   473    -1
56386 103.75  29.57   424    -3
56385 103.33  29.52  3047     1
56038  98.10  32.98  4200    -3
58150 120.25  33.77     2     1
58356 121.00  31.40     3     3
58936 118.70  25.37    77     2
58931 118.10  25.72  1653    -1
50853 126.97  46.62   179     3
50756 126.97  47.45   239     6
54727 117.55  36.68   121     1
59058 110.52  24.20   145    -3
50603 116.82  48.67   554     1
52576 101.68  39.22  1510    -4
50434 121.68  50.48   732     7
57722 107.47  27.77   792    -7
59493 114.00  22.53    63     1
59456 110.93  22.35   141     2
58543 119.02  29.62   171     1
58549 119.65  29.12    62     1
47102 124.62  37.95   146     1
47127 127.95  36.97   116     1
47170 126.70  34.38    36     2
47175 126.32  34.47   477     3
47105 128.88  37.75    27     3
47115 130.88  37.47   224     0
44214  89.93  48.93  1715    -3
38616  72.90  40.70   868     1
54276 126.80  42.40   570     3
