diamond  3 2014年01月06日11时地面变温                        
  14  01  06  11 1000 0 0 0
39 122.7 37.3 122.5 36.7 120.8 36.2  119.3 35.0 120.4 34.3
 121.1 32.7 122.3 30.9 122.5 30.1  121.5 28.0 119.8 25.0
 116.1 22.6 111.0 21.0 111.0 18.6  109.6 18.1 108.3 18.5
 108.9 19.9 109.3 21.0 106.4 21.6 104.1 22.2 101.6 20.8
 98.7 22.0  97.1 24.1  97.7 27.0 91.7 26.6  85.7 27.7
 78.9 30.6  73.3 37.1  74.1 40.7 87.6 49.8  98.5 43.9
 110.4 44.3 122.0 54.7 135.7 48.3 131.5 42.2 125.2 39.4
 121.3 38.5 121.2 40.3 118.5 38.6 120.8 38.1
1  1627
42675  79.95  23.20   398     0
54135 122.27  43.60   178     2
58321 117.30  31.78    27     1
58424 116.97  30.62    62    -1
58221 117.30  32.85    26     0
57445 109.72  30.60   609     2
52984 103.18  35.58  1917    -2
51463  87.65  43.78   935    -5
51855  85.55  38.15  1247    -3
51367  86.82  44.13   522    -7
58562 121.55  29.78     5     1
58569 121.95  29.20   128     3
59303 115.75  23.92   135     1
59754 110.18  20.33    55     3
54929 117.97  35.27   121     1
54284 127.50  42.15   774     7
58040 119.13  34.85     5     2
59278 112.45  23.03    41     2
59298 114.37  23.07   108     1
53929 107.80  35.20  1206     2
57127 107.03  33.07   509     3
57343 109.53  31.90   995     0
56485 103.58  28.27  1255     0
57237 108.03  32.07   674     1
50658 125.88  48.05   236     5
50742 124.48  47.80   162     8
50136 122.52  52.97   433     8
50442 124.12  50.40   371     2
57894 114.17  26.58   843     0
54243 124.12  42.78   165     2
50915 116.97  45.52   838     7
47100 128.72  37.67   773     1
47104 128.85  37.80    80     1
47106 129.12  37.50    41     0
47112 126.62  37.47    69     3
47119 126.98  37.27    37     2
54449 119.52  39.85     2    -2
54602 115.48  38.73    16    -4
54624 117.32  38.40     4    -3
59023 108.03  24.70   260     2
59218 106.42  23.13   739     2
51644  82.97  41.72  1081     5
51186  90.38  46.67  1218   -15
51730  81.27  40.55  1012    -2
52825  96.43  36.43  2790     1
56786 103.83  25.58  1898     2
56875 102.55  24.33  1716     2
54377 126.22  41.15   225     1
58834 118.17  26.63   152     2
58725 117.47  27.33   218     2
58255 120.57  32.37     6     3
47130 129.40  36.98    51     0
47146 127.15  35.82    54     1
48930 102.13  19.88   305    -2
48944 102.63  18.28   185     0
48952 106.43  15.68   180    -1
58259 120.98  32.08     4     3
57426 107.80  30.68   454     2
59280 113.08  23.72    79    -1
56643  98.85  25.87   949    -4
56886 103.77  24.53  1704     3
56951 100.08  23.88  1502     1
56966 101.98  23.60   400    -1
50514 117.32  49.58   661     7
53231 106.38  41.45  1510    -8
54208 116.47  42.18  1245     6
51747  83.67  39.00  1099     1
52203  93.52  42.82   737    -1
57154 110.90  33.53   523     3
58731 118.53  27.92   276     1
59133 118.92  24.90    21     2
48383 104.72  16.53   139     1
45004 114.17  22.30    66    -1
45005 114.17  22.30    40    -1
31873 133.73  45.87   104     4
58450 120.05  30.87     7     3
58666 121.90  28.45    86     2
58742 119.55  28.12   163     1
54511 116.47  39.80    31    -5
53612 106.18  37.98  1128     3
57832 108.67  26.97   626    -1
56067 101.48  33.43  3628    -3
44216  93.10  48.82  1051     1
44325  96.77  44.93  1182    -3
48437 103.25  15.23   184     5
31005 126.27  58.97   283     7
48018  96.33  24.17    95     2
48077  95.22  18.80    60    -1
48030  93.62  22.65  1865    -1
48051  92.63  20.85     3     0
48099  97.67  16.75    10     1
30385 121.50  56.58   425     8
38856  70.88  38.47  1288    -1
38944  69.38  37.48   447     0
48351 100.08  17.62    64     1
47025 129.20  40.67    23     4
47035 124.38  40.10     7    -1
47065 125.77  38.52    52     3
47891 134.05  34.32    14     1
48304  99.77  19.87   401     2
38696  66.95  39.63   725     0
28541  60.30  56.08   398     6
38545  62.28  40.47   142    -2
38911  65.20  37.83   240    -2
48353 101.72  17.45   254    -1
48324  99.23  17.63   192    -1
48401 100.52  15.33    93     2
44373 104.42  43.58  1465     2
48350 101.72  17.40   263    -1
47740 133.33  36.20    32    -1
47778 135.75  33.45    69     1
47918 124.17  24.33    14     2
30526 107.07  54.48   650    -9
36911  75.28  42.83   817    -8
47108 126.95  37.57    87     1
47133 127.37  36.37    69     0
44241 106.07  48.92   807     1
44272  96.85  47.75  1759   -14
35699  74.82  47.45   620    -3
28879  69.38  53.28   229     8
35671  67.72  47.80   346     0
35953  64.08  45.50   103    -1
30673 119.73  53.75   624    11
30823 107.60  51.83   514     4
31168 138.15  56.45     7     5
44285 102.77  46.90  1662    -4
44358 111.90  43.73   964     6
48315 100.80  19.12   236     1
29122  80.83  59.05    57    -2
29636  84.38  55.22   172     7
48374 101.23  16.77   144    -2
48385  98.85  16.02   460     1
48390 103.58  16.32   140    -1
48418 101.18  15.27    51     2
42798  86.18  22.82   143     3
43041  82.03  19.08   554     0
42571  80.83  24.57   316     0
42754  75.80  22.72   567    -3
59158 120.68  24.15    78    -1
59567 121.55  22.03   325     2
54335 122.08  41.68    37    -1
58634 118.25  28.68   116     1
57181 113.05  33.88   136    -3
57502 105.70  29.70   394     1
57516 106.47  29.58   259     0
58608 115.55  28.07    30    -1
57584 113.08  29.38    53     0
57780 113.17  27.87    74     1
54254 124.05  42.53    98     4
57348 109.53  31.02   299     2
56666 101.72  26.58  1224     6
56029  96.97  33.00  3716     0
57399 114.95  31.13    74    -1
57774 112.17  27.45   100     2
57745 109.68  27.45   272     4
57687 112.92  28.22    68     0
57673 112.88  28.68    53    -2
59021 107.03  24.55   509     0
58846 119.52  26.67    32     0
53192 114.95  44.02  1126     7
53463 111.57  40.85  1153     3
53502 105.75  39.78  1031     1
58005 115.67  34.45    50     1
59417 106.85  22.33   128     4
57649 109.68  28.23   254     4
56128  96.60  31.22  3810     1
56021  95.80  34.12  4175     0
52866 101.75  36.73  2295     0
56173 102.55  32.80  3491     2
53863 111.92  37.03   743    -1
54843 119.20  36.75    22    -2
53446 109.88  40.53  1004     0
57520 107.07  29.83   377     2
58402 115.67  30.73   123     2
57358 110.97  30.83   295     1
58429 117.85  30.98    11     4
58236 118.25  32.35    33     6
58531 118.28  29.72   142     2
50978 130.92  45.30   272     5
51886  90.85  38.25  2944     3
56331  97.83  29.67  3780    -4
56434  97.47  28.65  2327     1
57655 110.40  28.47   151     4
53775 112.53  37.43   781    -4
53478 112.45  40.00  1345     1
54751 120.73  37.93    39     0
54836 118.17  36.18   305    -1
56969 101.58  21.47   633    -1
58354 120.35  31.62     3     3
54027 119.40  43.98   486     1
50838 122.05  46.08   274     4
43161  75.72  16.82   595     1
31253 128.87  54.72   364     3
30695 123.90  53.47   265     7
31527 129.47  50.12   239     5
36208  83.55  50.33   811     2
38198  68.22  43.27   207   -10
31878 133.50  45.10    97     3
36278  90.42  50.37  1850    -5
29481  95.22  56.82   188    -1
29571  92.73  56.07   234     4
29789  96.97  54.22   984   -11
30703 101.98  52.97   543   -15
31054 135.15  59.18   212    -1
41712  64.40  28.88   850    -2
29974  93.23  52.80  1398    -8
30309 101.75  56.28   416   -13
41718  70.68  28.65    88    -1
29625  80.97  55.10   141     6
29822  81.27  53.82   129    11
42101  76.47  30.33   252     0
42348  75.80  26.82   390    -6
43189  82.23  16.95     7     0
30846 112.47  51.35   743    10
28791  72.43  54.63   114    13
98325 120.35  16.08     2     1
28367  65.43  57.12   101    11
28797  72.97  54.20   124    14
48372  99.80  17.10    50     0
52908  93.08  35.22  4612    -2
45045 114.30  22.17    60    -2
48062  92.88  20.13     5    -9
48080  94.35  18.47    11    -1
48103  97.62  16.50    22     0
30777 117.70  52.23   525    11
38599  69.73  40.22   427     0
38846  69.98  38.37  1468     0
54064 125.15  44.38   170     6
54171 126.52  43.70   229     5
54363 125.90  41.68   402     0
56178 102.35  31.00  2438     1
52737  97.38  37.37  2981     0
53882 113.07  36.05   991    -3
47037 125.25  39.98    99    -2
47069 125.70  38.03    81     0
42415  92.78  26.62    91     3
42587  84.07  24.05   221     2
42623  93.90  24.77   774    -4
58507 115.12  29.25   116     1
57669 111.22  28.38   128     2
53480 113.07  41.03  1419     2
56033  98.22  34.92  4272     3
56109  93.78  31.48  3940     1
56106  93.78  31.88  4022     1
52713  95.35  37.85  3173     4
53787 112.98  37.07  1041    -3
56792 104.97  25.78  1649    -2
57993 115.00  25.87   137     3
57749 110.00  27.57   257     4
57562 111.37  29.58   116    -1
54195 129.78  43.30   244     0
50758 125.90  47.18   246     3
52323  97.03  41.80  1770    -7
47605 136.63  36.58    33     0
47746 134.23  35.48    15    -1
59358 120.22  23.00    14     2
53963 111.37  35.65   433     3
54826 117.10  36.25  1533    -4
53594 114.18  39.45   938    -5
59096 114.48  24.37   214    -1
59306 115.85  23.45    80     1
52436  97.03  40.27  1526     2
59088 113.42  24.18    74     0
58238 118.90  31.93    35     4
57827 107.53  26.32   969    -4
57606 106.83  28.13   972    -4
58319 116.95  31.07    85    -2
58419 117.02  30.10    17    -3
58314 116.32  31.40    86    -2
58336 118.57  31.70    80     2
47772 135.52  34.68    83     2
38806  64.37  38.47   212    -5
58414 116.32  30.43   105    -1
58436 118.98  30.62    87     1
57483 113.13  30.67    31    -1
57285 113.42  32.38   153    -3
57405 105.55  30.50   355     1
58744 119.42  27.45   815    -1
50564 127.35  49.43   234     9
51839  82.72  37.07  1409    -1
51701  75.40  40.52  3504    -5
58467 121.27  30.20     4     3
58752 120.65  27.78    39     2
59117 116.07  24.28   116     2
56227  95.77  29.87  2736    -2
57091 114.30  34.78    73    -3
57003 106.83  34.90   924     2
35188  71.37  51.13   350     7
28952  63.62  53.22   170     7
29802  76.53  53.82   114    12
35357  69.52  49.68   349     6
38062  65.50  44.85   130     3
38343  72.75  42.95   683    -7
29393  99.53  57.65   220    -6
31538 132.13  50.07   347     4
57025 107.38  34.52   781    -1
57028 107.32  34.03  1543     2
57030 108.15  34.70   994     0
53487 113.42  40.08  1052     0
53959 111.05  35.05   365     0
57608 105.43  28.17   377     2
50950 125.25  45.70   148     5
50739 123.18  47.33   190     0
54455 120.65  40.62    20     1
54333 122.85  41.97    30     1
54753 120.33  37.63     4     0
52495 104.80  40.17  1323     1
58122 116.98  33.63    25     4
52787 102.87  37.20  3045    -9
54423 117.92  40.97   422    -4
29874  92.88  53.58   319   -10
28044  60.53  59.60   130     4
29348  86.22  57.07   114     8
59242 109.23  23.75    84     2
51346  84.67  44.43   478    -6
51288  90.53  45.37  1653   -11
51431  81.33  43.95   662    -8
56954  99.93  22.57  1054     2
50948 124.02  45.00   146     4
54260 125.08  42.92   252     1
58933 118.98  26.92   869    -3
58927 117.02  25.05   376     1
58026 118.02  34.40    25     2
58027 117.15  34.28    41     1
58252 119.47  32.18    27     2
58038 118.78  34.08    10     1
51628  80.23  41.17  1103    -2
56751 100.18  25.70  1990     1
29524  80.05  55.85   128     3
29645  86.22  55.25   148     4
36096  94.48  51.70   632    -5
29726  81.88  54.37   132     7
54857 120.33  36.07    76    -6
57265 111.73  32.43   132     0
51567  86.57  42.08  1055    -2
51243  84.85  45.62   449    -4
53740 109.23  37.93  1111     1
58557 120.08  29.33    90     1
58633 118.90  29.00    82     3
58667 121.27  28.08    95     2
57306 105.97  31.58   382     0
59673 112.77  21.73    21     1
53723 107.38  37.80  1349     3
53806 105.65  36.57  1854    -4
54523 117.02  39.38     4    -5
44224  96.02  48.77  1928   -19
44266  93.90  46.32  2222   -12
36259  88.67  50.00  1760   -15
48386 100.37  16.33    39     0
48387  98.93  16.75   867     0
45007 113.92  22.30     7    -1
48354 102.80  17.37   178     1
48377  99.00  17.23   144    -1
48400 100.12  15.67    35     1
38565  65.68  40.55   484     0
38611  71.58  41.00   474    -2
38618  71.75  40.38   577     0
38812  65.72  38.75   375    -1
48356 104.13  17.15   172     1
48381 102.78  16.45   193     1
44288 102.78  46.27  1813   -12
48402 100.18  15.15    16     0
38613  72.95  40.92   765     0
47184 126.52  33.50    21     2
44265  91.47  46.12  1186   -11
48325  97.93  18.17   213     2
47097 127.48  37.25    79     0
47150 126.55  36.32    16     4
47174 127.23  35.07    75     1
47189 126.55  33.23    50    -2
48941 102.40  18.47   179     2
31418 135.80  52.28   201     1
36103  96.12  52.47   919   -20
36092  93.90  52.13   852    -8
30089 121.77  59.02   175     0
31004 125.37  58.62   679    -4
31845 135.32  46.53   129     7
31921 132.07  44.72    77     4
31969 130.80  42.65    39     4
29374  93.25  57.67    92     5
29676  94.90  55.27   337     2
30504 100.63  54.60   522   -11
36307  95.17  50.25  1100    -7
43081  78.10  18.67   381     1
43177  79.55  16.57   106     1
43014  75.40  19.85   585    -3
43110  73.33  16.98    91    -1
31489 136.80  51.20    91     2
38987  62.35  35.28   625     0
41756  61.80  25.07    57    -2
41535  73.25  34.18  1309    -1
41678  73.25  29.95   163     0
41696  66.58  29.03  2017    -1
29068  90.92  59.50    66    12
29263  92.20  58.45    78     7
29456  89.32  56.53   205     6
29563  92.20  56.12   478     4
30157 112.87  58.32   224    -3
41685  69.72  29.88  1098    -2
42182  77.20  28.58   216    -1
30745 111.55  52.53   951     0
30975 119.07  50.33   521     9
28588  71.37  55.57   126    11
98132 121.85  20.80   124    -1
98222 120.45  17.88    57     1
98324 119.97  15.32     5     1
28593  74.63  56.10    77    10
28786  71.75  54.37   124    13
28064  65.72  59.63    72     7
48331 100.75  18.77   201    -1
48378 100.27  16.78    45     0
48355 104.05  17.12   192     0
48404 103.60  16.07   155     1
44304 110.63  47.32  1033     2
45044 114.02  22.20    79    -1
48845 105.68  18.67     6     4
44218  91.57  48.02  1405   -13
44275  98.08  46.83  2255   -13
44284 100.13  46.70  2126    -7
44302 112.12  47.78   926     1
44347 105.32  44.42  1298    -1
48840 105.78  19.75     5     2
29430  84.92  56.50   139     6
29736  84.20  54.33   198     3
28049  62.33  59.43   130     5
29602  76.75  55.30   111    11
29724  80.47  54.33   160    10
29923  82.33  53.07   219     8
29939  84.92  52.67   225     2
36021  79.18  52.25   142     8
36058  86.02  51.38   419    -5
47099 126.75  37.88    30     1
47121 128.45  37.17   241    -3
47135 127.98  36.22   245     2
47140 126.75  36.00    24     1
47172 126.58  35.33    56     1
38353  74.53  42.85   760   -10
42398  88.32  26.63   131    -3
48946 104.65  17.38   152    -1
48947 104.65  16.55   145     2
48403 102.02  15.80   184     1
54623 117.72  39.05     4    -4
59316 116.68  23.40     2     1
56018  95.28  32.88  4066     3
50844 123.45  46.40   138     3
50862 127.98  46.98   206    10
45011 113.55  22.15   114    -1
45039 114.20  22.40    12    -1
48045  93.95  21.38  1395     3
48053  95.83  20.83   220     0
48075  97.22  19.68   894     4
48101  95.67  16.27     2     1
30636 109.63  53.62   488     9
57793 114.38  27.80   131     0
56964 100.97  22.78  1302     1
50936 122.83  45.63   155     2
54273 126.75  42.98   263     1
56034  97.13  33.80  4415    -1
54823 117.00  36.60   170     0
53664 111.13  38.47  1012     1
53663 111.82  38.92  1401     0
59092 114.82  24.92   206     2
57642 109.63  28.70   325     5
53352 110.43  41.70  1376     5
52378 102.37  41.37   960     4
52754 100.13  37.33  3301     2
52533  98.48  39.77  1477    -1
55294  91.10  32.35  4800    -6
31594 130.08  49.42   134     7
38725  69.67  39.43  2234    -4
38933  68.78  37.82   427     0
55279  90.02  31.38  4700    -3
55248  84.42  32.15  4414    -4
55681  90.40  28.97  4431    -4
50877 129.58  46.30   100     7
56187 103.87  30.75   547     2
56144  98.58  31.80  3184     4
57313 106.77  31.87   417     2
57583 113.97  29.92    61    -2
58519 116.68  29.00    40     1
59102 115.65  24.95   303     3
57776 112.70  27.30  1265     0
57872 112.60  26.90   104     3
59845 109.58  19.52   169     1
59948 109.58  18.22   419     2
53195 113.63  43.85  1036     6
29580  95.27  56.17   357     1
47003 130.40  42.32     3     3
47058 125.78  39.03    36     1
47067 126.53  38.50    97     0
47068 124.88  38.15     6     1
57193 114.52  33.78    52    -5
53915 106.67  35.55  1346    -1
52986 103.87  35.37  1893    -1
57741 109.18  27.72   282     2
56043 100.23  34.48  3719    -2
56151 100.75  32.93  3530     3
57381 113.33  31.62   116    -3
57633 108.77  28.82   826     1
56223  95.83  30.75  3640    -2
55493  91.10  30.48  4200    -8
57916 106.77  25.43   440     2
59289 113.73  22.97    56     0
59317 116.30  23.03    14     1
58203 115.73  32.87    32    -1
28255  63.68  58.05   102     7
28645  61.30  55.15   236     8
28748  61.62  54.08   192     4
58311 116.50  31.73    74    -2
58437 118.15  30.13  1840     0
58520 117.72  29.85   142     1
52797 104.05  37.18  1630    -5
52974 102.02  35.52  2491    -2
58527 117.20  29.30    61     0
58944 119.78  25.52    32     0
54916 116.85  35.57    51     1
51232  82.57  45.18   336    -8
51068  87.47  47.12   500    -7
51477  88.32  43.35  1103    -4
58665 121.42  28.62     4     2
54259 124.92  42.10   237    -2
54351 124.08  41.92   118     0
57853 110.63  26.73   341     3
38915  66.02  37.52   265     4
38974  61.22  36.53   275    -2
47827 130.53  31.55    31    -2
47945 131.23  25.83    20     0
55472  88.63  30.95  4672    -3
55655  85.97  28.18  3810    -2
59097 114.20  24.05   198     2
59664 110.98  21.53    31     1
57290 114.02  33.00    82    -5
53735 108.80  37.62  1336     2
56182 103.60  32.67  2881     3
50353 126.63  51.73   173     9
50247 123.57  52.03   514     7
50349 124.40  51.67   501     8
54237 121.75  42.07   167    -3
54346 123.78  41.32   185     1
54486 123.28  40.28    79    -1
54744 118.55  37.58     8    -1
57612 106.65  29.00   474    -1
35497  72.87  48.85   656     5
35746  61.65  46.78    62     4
38341  71.38  42.85   655    -6
30879 119.62  51.32   619    11
30949 111.97  49.57   907    12
30965 116.52  50.40   675     1
31285 134.42  54.50    61     2
31300 127.27  53.73   230     5
31484 135.08  51.42   268     1
58118 116.52  33.27    26    -1
54606 115.73  38.23    19    -5
51542  84.15  43.03  2458     0
51053  86.40  48.05   532    -3
51334  82.90  44.60   318   -10
51573  89.20  42.93    34     3
51526  88.22  42.23   922     0
58407 115.03  30.23    32     2
56065 101.60  34.73  3500     1
56444  98.92  28.48  3319     0
56763 101.87  25.73  1120     1
54041 123.07  44.80   150     3
54263 126.05  42.97   336     0
58837 118.15  26.17   137    -2
58158 120.48  33.20     3     3
58138 118.52  32.98    40     2
53687 113.63  37.78   753    -5
58926 117.42  25.30   205     0
52833  98.48  36.93  2950     0
52645  99.58  38.42  3320     3
52267 101.07  41.95   940     4
50632 121.92  48.77   739    -4
57279 112.75  32.15   125    -4
57378 112.57  31.17    65    -4
51765  87.70  40.63   846     1
51804  75.23  37.77  3090    -1
53948 109.58  34.95   499     3
57131 108.97  34.43   410     1
58472 122.45  30.73    79     4
56257 100.27  30.00  3948    -3
56479 102.85  28.00  2132    -1
59663 111.97  21.83    89     2
53519 106.77  39.22  1092     2
53705 105.68  37.48  1183     2
57647 109.18  28.15   406     3
44243 106.67  49.75   676     6
48303  99.87  19.95   393     2
48379 101.15  16.43   116    -1
48830 106.77  21.83   263     3
38457  69.30  41.33   477    -1
38462  70.37  41.90  1255    -5
31474 133.27  51.63   384     0
31521 129.33  50.78   230     6
31832 134.27  46.80    67     2
30493 124.88  55.97   860     5
31915 131.38  44.40   211     7
31981 133.07  43.97   187     2
36104  95.57  51.47   705   -16
29562  91.67  56.10   331     5
29766  92.15  54.35   281   -10
43181  80.80  16.53    25    -2
42909  70.37  20.90    11    -1
43063  73.85  18.53   558    -2
31959 135.85  44.37    33     2
31123 130.90  57.77   254     9
41529  71.93  34.03   329    -2
41598  73.72  32.93   234     0
41768  69.78  25.52     6     0
41600  74.53  32.50   256    -1
41759  63.48  25.27     6    -2
38947  69.08  37.23   327     0
30252 114.02  57.82   249    -7
30815 103.60  51.53  1442   -18
29876  94.20  53.68   446   -14
42314  95.02  27.48   111     0
42886  84.08  21.92   230     0
36091  93.00  52.25   662    -9
43128  78.47  17.45   535     1
30731 108.28  52.98   491    -6
30764 115.17  52.65   645    -1
30859 114.52  51.10   681     6
30862 116.03  51.87   597     3
28383  72.40  57.52    66    12
28688  71.27  54.93   126    12
98233 121.75  17.63    62    -3
28165  66.08  58.72    81     7
28481  70.62  56.82    78    12
29558  89.20  55.53   318     5
48078  96.47  18.92    49     1
31478 133.98  52.27   902     0
42591  84.95  24.75   116     2
42559  77.32  24.65   481    -3
56172 102.23  31.90  2664     2
57789 113.95  27.13   194     0
57889 113.95  26.08   835     1
52652 100.28  39.08  1461    -1
50949 124.87  45.08   136     4
54181 127.33  43.70   295     0
54386 128.18  41.42   775     1
53898 114.40  36.05    62    -1
56691 104.28  26.87  2237     3
57598 114.58  29.03   146     0
58506 115.98  29.58  1164    -2
53276 112.90  42.40  1150     6
54115 118.03  43.63   825    -1
52447  98.88  40.00  1270    -1
55690  91.95  27.98  4280    -4
48357 104.78  17.42   147    -2
38954  71.50  37.50  2075    -1
58974 122.07  25.63   102     1
50973 130.60  45.75   234     1
57573 112.90  29.83    30    -5
57718 106.73  27.10  1038    -8
57816 106.73  26.58  1223    -5
58715 116.65  27.58    80     3
57696 114.78  28.40    91    -1
58705 115.42  27.33    85     1
57758 110.58  27.07   323     3
57766 111.45  27.18   311     0
57965 111.60  25.53   192     3
59644 109.13  21.45    12     0
56096 104.92  33.40  1079     1
52424  95.78  40.53  1170     2
57574 112.40  29.37    36    -3
57707 105.28  27.30  1510    -2
47005 128.30  41.82  1381     0
47008 129.82  41.78    43     5
47046 128.18  40.03    19     1
47061 128.18  38.73    34     1
30637 107.73  53.32   461   -15
47830 131.40  31.93    15    -2
56116  95.60  31.42  3873    -1
56312  94.33  29.67  2991    -2
53490 114.05  40.43  1014    -4
57545 109.42  29.53   502     3
57493 114.33  30.35    73     1
56125  96.47  32.20  3643     5
55585  90.17  29.43  3809    -2
59324 117.03  23.43     7     3
53923 107.63  35.73  1421    -2
58241 119.45  32.80     5     2
54134 121.28  43.60   241     4
53602 105.67  38.83  1561   -10
57494 114.05  30.60    23    -1
56188 103.67  31.00   698     0
58818 116.63  26.23   358     3
47887 132.78  33.85    34     2
28440  60.63  56.83   281     4
28661  65.42  55.45    73     6
29612  78.30  55.35   119    10
30323 105.80  56.80   325   -15
38799  62.80  38.08   185    -5
28275  68.25  58.15    46    11
52101  93.05  43.60  1677    -4
51777  88.17  39.03   887    -1
51656  86.13  41.75   931     2
51433  82.52  43.80  1105    -7
59228 107.58  23.32   108     1
54324 120.43  41.55   174    -3
54470 122.07  41.02     5     1
58730 118.03  27.77   222     0
57874 112.40  26.42   116     2
56202  93.28  30.67  4488     0
59462 111.60  22.70    60     5
57297 114.05  32.13   114    -8
57077 111.65  33.78   742     0
53738 108.17  36.92  1331     6
53754 110.22  37.50   929     2
38895  62.18  37.60   240    -3
47662 139.77  35.68    36     3
47678 139.77  33.12   156    -1
47843 128.83  32.70    26     1
53975 112.40  35.48   659     1
56475 102.52  28.65  1659    -1
56357 100.30  29.05  3727    -1
54094 129.60  44.57   241     2
50774 128.83  47.70   264     3
50873 130.30  46.78    82     3
58600 115.37  28.87    78    -1
54497 124.33  40.05    13    -1
54579 122.58  39.27    35    -4
54842 120.00  36.78    62    -5
53149 110.13  42.53  1225     3
54308 116.63  41.20   735    -6
54518 116.40  39.17     8    -3
54705 115.38  37.37    27    -7
59209 105.83  23.42   794     0
28984  70.22  52.95   395     6
28676  69.12  54.78   101     9
29807  75.45  53.35    94    12
35394  73.15  49.80   553     5
36177  80.30  50.42   196     3
38069  66.75  44.17   153    -2
30635 109.02  53.42   460     3
51469  87.18  43.45  1930    -5
57482 113.95  30.90    25    -1
56548  99.28  27.17  2326     3
56991 104.33  23.62  1561     2
54157 124.33  43.17   165     3
58734 118.12  27.33   196    -1
58143 119.85  33.80     4     3
58358 120.43  31.07    16     4
57729 107.88  27.23   622    -2
57614 106.22  28.33  1180    -6
58251 120.28  32.85     3     3
59116 116.70  24.33    81     2
57278 112.08  32.00   163    -1
56533  98.67  27.75  1583     1
56748  99.18  25.12  1652     3
30935 108.75  50.37   770    10
31735 135.18  48.52    76     2
28240  60.07  57.88   260     5
29706  77.30  54.38   116    13
56985 103.38  23.38  1300     2
50425 120.18  50.25   581     6
54026 120.90  44.57   265    -1
53083 114.15  44.62  1181     2
50639 122.73  48.00   306    -1
50788 131.98  47.23    66     5
51330  81.02  44.97  1357    -8
51241  83.60  45.93  1077    -7
53725 107.58  37.58  1360     3
53942 109.42  35.77  1155     7
58457 120.17  30.23    41    -1
58477 122.10  30.03    35     3
56565 101.52  27.43  2545     4
59485 113.40  22.50    33     2
59501 115.37  22.80    16     1
28552  63.65  56.07    89     9
29111  78.23  59.22    69    -3
36022  80.33  52.02   208    11
36038  82.17  51.15   354     5
53817 106.27  36.00  1753    -3
57926 107.88  25.42   428     4
44229  99.88  48.15  2055    -4
57523 107.73  29.85   290     3
44210  90.35  49.60  1480   -13
44257 110.57  48.62  1050     9
48373  99.85  17.15    54    -1
48408 105.03  15.23   130     3
38396  60.63  41.57   100    -3
48358 104.78  17.43   153     1
48803 103.97  22.50    97     0
48852 107.58  16.43     9     3
36982  78.23  41.88  3639    -3
48839 107.72  20.13    56     0
44213  94.40  49.65  1232    -8
44225  98.20  48.73  1723    -9
44256 114.40  49.55   705     7
44317 115.37  45.90  1076     5
48416 103.67  15.30   129     2
47129 126.48  36.77    30     2
47136 128.70  36.57   141     0
47143 128.62  35.88    65     0
47154 128.32  36.12    50    -1
47155 128.57  35.17    38     1
47157 127.90  35.67   222     1
47169 125.45  34.68    77     0
47188 126.87  33.38    19     2
47192 128.03  35.15    31     0
48940 102.57  17.95   171     1
48310  99.88  19.18   398     3
48405 103.65  16.05   142     1
45032 114.15  22.52    14     0
31041 133.03  59.63   179     6
31102 125.97  57.65  1204     3
48001  97.42  27.33   409     0
31442 127.65  51.98   280     1
38196  68.90  43.55   822    -2
30393 124.87  56.83   858     7
36078  90.20  51.00   983   -14
29471  93.17  56.88   179     2
29553  89.55  56.22   290     5
29864  90.37  53.72   525    -6
42737  70.78  22.30   138    -3
41624  70.92  31.82   173    -1
41715  68.47  28.30    56     7
41780  67.13  24.90    22     1
41573  73.38  33.92  2127    -1
41725  68.90  27.67    68     4
41785  68.90  24.63    11    -1
29379  94.55  57.20   164     1
30028 106.17  59.28   351   -15
30328 105.83  56.05   338   -11
42131  75.73  29.17   210    -7
42328  70.92  26.90   257     1
42452  75.85  25.15   279    -3
43150  83.30  17.68    69     0
43185  81.15  16.20     9    -1
30957 113.27  50.27   732     7
98232 121.62  18.35     3     0
98334 121.62  15.73   178    -3
28097  73.28  59.58    60     3
28799  74.80  54.17   114    14
36231  86.13  50.73   833    -8
28698  73.38  55.02   122    11
30499 124.67  55.18   528     2
42779  81.90  22.77   625    -2
42874  81.65  21.23   296     2
42667  77.35  23.28   521    -5
58968 121.52  25.03     9     2
31348 136.03  53.05   153     0
56046  99.65  33.75  3967    -3
54161 125.22  43.90   236     4
59855 110.47  19.23    24     2
58847 119.28  26.08    84     1
59321 117.50  23.78    53     1
58130 117.95  33.93    23     2
58141 118.93  33.63    12     1
57912 106.63  26.13   990    -2
57803 106.02  27.03  1231    -4
58754 120.20  27.33    36     2
57439 108.93  30.28  1074     1
54725 117.53  37.50    11    -4
56664 101.27  26.63  1230     2
56739  98.50  25.02  1654     0
58718 116.53  27.22   111     2
38705  67.60  39.50  1015    -3
53336 108.52  41.57  1288     1
57259 110.77  32.03   426     2
55680  89.60  28.92  4040    -2
53651 110.47  38.82  1098     0
57106 106.15  33.32   794     3
59134 118.07  24.48   139     2
58918 116.42  25.05   198     1
44221  96.37  49.70  1420    -9
44254 111.62  49.03   987     1
44348 108.25  44.40  1308    -3
29023  81.95  59.85    76    -1
29328  82.05  57.00   110     1
29605  76.02  55.22   112    10
48330 100.15  18.12   162     1
36064  87.60  51.77   480     2
31587 128.65  49.62   114     1
38413  64.62  41.73   236    -1
38683  64.62  39.72   224     0
38927  67.32  37.28   311     0
31702 131.08  49.00   267     5
31939 133.87  44.15   258     4
36864  75.25  43.53   743   -17
38334  70.30  42.48   808    -5
48333 100.73  18.85   265     0
48384 102.82  16.33   166     1
44259 114.55  48.08   747    -2
44292 106.87  47.92  1729    -1
44354 110.12  44.90   938     4
29578  93.73  55.72   399     0
29561  90.32  56.03   255     5
29759  89.28  54.33   846     1
36974  76.00  41.43  2041     0
47101 127.73  37.90    78    -2
47138 129.37  36.02     3    -1
47168 127.73  34.73    65    -1
48826 106.63  20.80   116    -1
44203  99.67  51.12  1583    -6
44207 100.15  50.43  1668    -7
44215  91.72  49.02  1590   -14
44305 113.28  46.68   981     0
29866  91.70  53.72   254   -12
43105  84.13  18.33     7     0
43003  72.85  19.12    14    -4
43117  75.90  17.67   479     2
29276  94.73  58.17   170     5
30971 117.93  50.92   806     6
41675  71.43  30.20   123     0
41764  68.42  25.38    30    -1
41508  71.85  35.20  1370    -4
41523  72.35  34.73   951    -4
41700  71.78  29.40   113     2
29464  90.58  56.65   231     5
29576  94.30  55.82   375     1
41515  71.78  35.57  1465    -2
41749  68.37  26.25    38     1
28451  62.72  56.85   126     9
28756  64.87  54.47   117     3
42809  88.45  22.65     6     2
42895  86.93  21.52    18     2
42165  73.30  28.00   224     2
42189  79.40  28.37   169    -1
42475  81.73  25.45    97     0
47098 127.05  37.90   110     1
47131 127.43  36.63    58     0
47156 126.88  35.17    73     2
30669 117.48  53.07   707     2
30829 106.63  51.10   556     9
48823 106.15  20.43     3     1
48380  99.52  16.48    81     0
52955 100.73  35.58  3120     2
53646 109.78  38.27  1157     2
55299  92.07  31.48  4507    -1
52889 103.88  36.05  1517     2
59271 112.43  23.63    57     3
50945 124.27  45.50   137     2
54165 125.63  43.55   219     6
54186 128.20  43.37   524     1
31909 136.60  45.00    61     1
31011 127.05  59.67   278    12
48010  94.92  24.87   131     2
48025  94.30  23.20   109    -1
48042  96.10  21.98    76     1
48048  94.92  21.20    55    -1
48094  94.77  16.77    10     0
48072  93.73  18.85     9     0
28493  74.38  56.90    73    11
29059  89.28  59.43   102    11
58326 117.83  31.58    30     4
54286 129.00  42.53   475     4
54374 126.88  41.80   379    -1
57503 105.12  29.62   349     1
57922 107.55  25.83  1013     3
59107 115.28  24.12   179     1
53821 107.30  36.57  1255     7
54012 117.60  44.58  1001     7
53068 111.93  43.63   963     6
51633  81.90  41.78  1229     3
56196 104.73  31.45   522     0
56374 101.97  30.05  2615     0
52818  94.92  36.42  2807     0
57251 110.42  33.00   249     2
57731 108.25  27.95   416     1
48095  95.65  16.73     5     0
30844 110.47  51.37   801    11
31532 132.25  50.87   271     1
38715  68.58  39.57  3143    -1
38851  70.30  39.00  1316    -4
57857 110.32  26.37   477     3
57866 111.62  26.23   172     1
59453 110.12  22.67   121     3
59954 110.03  18.55    35     1
51810  77.63  38.92  1178     1
57051 111.20  34.80   409    -1
54266 125.63  42.53   340     1
59037 108.10  23.93   170     1
59254 110.08  23.40    42     0
52674 101.97  38.23  1976    -4
56074 102.08  34.00  3471    -1
57845 109.78  26.17   397     8
56317  94.22  29.22  2950    -1
56004  92.43  34.22  4533    -4
47014 126.88  41.78   331    -1
47028 124.93  40.45    76    -2
47039 126.25  40.17   155    -1
47055 127.43  39.18    36     0
38719  68.87  39.08  3373    -8
56671 102.25  26.65  1787     4
58843 120.02  26.88    56     4
57256 110.78  32.65   286    -1
58102 115.77  33.87    37     0
52633  98.42  38.82  3367     6
56137  97.17  31.15  3315     1
50888 132.18  46.32    83     3
57752 110.60  27.92   204     6
53578 112.43  39.37  1114    -2
52446  99.52  40.30  1177    -3
52681 103.08  38.63  1367     1
59838 108.62  19.10     7     1
59082 113.60  24.67   121     2
58338 118.58  31.15    17     2
47675 139.35  34.73    75     2
47765 132.47  34.40    54     1
47817 129.87  32.73    35    -1
47927 125.28  24.80    41     0
29846  86.88  53.82   309    -5
36061  87.12  52.25   326    -9
57071 112.43  34.82   333    -4
56152 100.33  32.28  3893     2
54776 122.70  37.40    47     0
59985 111.62  16.53     4     1
54471 122.17  40.65     3     4
54349 124.13  41.30   258     3
55589  90.98  29.30  3555     1
57046 110.08  34.48  2064    -6
57238 107.90  32.53   693     2
53564 111.15  39.38   861    -2
56462 101.50  29.00  2925     3
56459 101.27  27.93  2426     5
56079 102.97  33.58  3441     2
56167 101.12  30.98  2957     2
50468 127.45  50.25   166     5
38687  63.60  39.08   190     2
38886  60.52  37.38   186    -1
47936 127.68  26.20    50     1
58606 115.92  28.60    46    -1
54454 120.30  40.33    29     1
54452 119.82  40.80   365     1
54584 122.95  39.72    34     1
54102 116.12  43.95  1003     8
54429 117.95  40.20    54    -4
59632 108.62  21.95     4     3
51156  85.72  46.78  1291    -8
51704  76.17  39.72  1298     0
51811  77.27  38.43  1231     2
51931  81.65  36.85  1422     0
51705  75.25  39.72  2175     2
51358  85.82  44.28   468    -1
51437  81.13  43.15  1851    -2
57355 110.37  31.03   334     1
35078  68.37  51.82   304     3
36686  76.87  46.55   349    -3
36821  76.27  44.83   396    -7
36859  80.07  44.17   645   -10
38222  73.78  43.70   456   -14
42309  94.12  27.23   101    -2
38932  68.57  37.95   752    -1
38869  72.63  38.17  3276    -6
30198 123.72  58.07   416     7
31062 137.67  59.77   383    -2
48037  95.13  22.10    82    -1
48071  93.55  19.42     5     0
48097  96.17  16.77    15     1
30664 115.62  53.53   811    -1
30822 105.85  51.70   467    -8
28465  66.35  56.68    61     9
28491  72.67  56.93    87    11
53853 110.95  36.70  1052     1
50246 124.72  52.35   361     9
57902 105.18  25.43  1378     3
38598  69.82  40.27   347     0
38713  68.98  39.90  1004    -6
38718  68.38  39.10  2204    -5
38734  70.20  39.45  2561    -4
38957  71.60  36.72  2523    -2
57840 109.20  26.90   401     2
53764 111.10  37.50   950     1
53772 112.58  37.62   776    -2
58626 117.25  28.32    60     1
57671 112.37  28.85    37    -3
57554 110.17  29.40   322     5
50834 121.22  46.60   499     0
55437  81.25  30.28  3900    -2
55696  92.47  28.42  3860    -4
57805 105.77  26.68  1319    -5
58208 115.62  32.17    42    -4
54049 123.97  44.25   188     2
57581 113.45  29.82    27    -1
57206 105.85  32.43   513     0
48808 106.25  22.67   243     5
47016 128.17  41.40   714     3
47031 127.25  40.37  1080     1
47041 127.55  39.93    22     0
47050 125.65  39.62    27     1
57512 106.28  29.97   230     2
57432 108.40  30.77   186     2
58015 116.33  34.45    44     5
57536 108.78  29.53   607     4
57517 106.25  29.28   261     1
50656 126.50  48.27   277     5
53877 112.25  36.17   860     2
53868 111.50  36.07   449     1
57052 110.45  34.88   354     3
54764 121.23  37.48    53    -2
58034 118.32  34.60    36     2
56247  99.10  30.00  2589    -1
52895 104.68  36.57  1398     3
57806 105.90  26.25  1431     0
57089 113.93  34.07    67    -4
47075 127.28  38.42   352    -1
47570 139.92  37.48   216    -1
47655 138.20  34.60    46     2
47815 131.62  33.23    13     2
29771  92.08  55.35   804   -10
38878  73.97  38.17  3576    -5
57974 112.37  25.58   214     6
57712 106.95  27.73   983    -4
57996 114.25  25.08   149     2
50548 123.72  49.20   286     3
58225 117.67  32.53    69     2
53986 113.88  35.32    73    -3
57083 113.65  34.72   110    -4
51133  83.00  46.73   534    -4
59849 109.83  19.03   250     3
58448 119.70  30.22   117    -2
58343 119.98  31.88     4     2
54563 122.02  39.63   118     0
55664  87.08  28.63  4300    -4
59293 114.73  23.80    70     1
57156 111.50  33.30   250     2
29313  79.42  57.55    95     1
47600 136.88  37.38     6     1
47807 130.37  33.57    15    -1
47909 129.50  28.38     8    -1
57178 112.58  33.03   129    -4
58111 116.45  33.97    32     5
53854 110.07  36.58   804     2
57049 109.73  34.52   341     4
57232 108.27  33.05   484     4
56571 102.27  27.90  1590     3
50983 132.97  45.77   100     4
58813 116.33  26.85   143     2
58622 117.58  28.95    88     2
54493 124.78  40.72   260     0
54326 119.70  41.38   422     2
54472 122.72  40.88    25     3
54660 121.23  38.82    66    -2
54662 121.63  38.90    91    -1
54311 117.77  41.97   892    -5
35796  75.08  46.80   350    -2
35849  62.12  45.77    68     3
35969  67.07  45.25   138     2
36152  78.35  50.87   149     7
53399 114.70  41.15  1393     4
53593 114.57  39.83   909     1
53698 114.35  38.07   103    -4
54405 115.50  40.42   570    -4
54436 118.95  40.42   254    -1
59065 111.50  24.42   148     3
59446 109.30  22.42    66     4
52112  95.13  43.77   479    -2
51379  89.57  44.02   793    -6
51711  78.45  40.93  1985    -8
57359 110.73  31.35   336     2
52943  99.98  35.58  3323    -1
56543  99.70  27.83  3276    -1
56946  99.40  23.55  1104    -1
54292 129.50  42.87   257     2
30127 105.73  58.23   438   -14
30433 109.57  55.78   479    -4
30692 123.97  54.00   397     6
31512 127.55  50.25   132     5
31707 130.97  47.73    72     2
58921 117.35  25.97   206     1
58345 119.48  31.43     5     5
57932 108.53  25.97   285     4
57825 107.98  26.60   720    -3
54863 121.18  36.78    40    -1
54945 119.53  35.43    36     1
50527 119.70  49.25   649     3
50745 123.92  47.38   147    10
59981 112.33  16.83     4     1
51087  89.52  46.98   807   -12
53955 110.45  35.47   458     3
57124 106.93  33.63  1032     1
57134 107.98  33.52   827     0
57211 106.25  32.83   836     1
58737 118.32  27.05   154     0
29418  78.35  56.33   126     0
29587  95.48  55.65   252     2
29631  82.73  55.32   146     4
57328 107.50  31.20   344     1
54406 115.97  40.45   487    -2
59304 115.18  23.63   176     2
59072 112.37  24.80   131     2
53615 106.70  38.80  1101    -1
53704 105.18  37.53  1225     2
53810 105.90  36.97  1339     1
54096 131.17  44.38   567     3
44217  89.52  48.28  2148   -10
44219  95.00  47.63  1391    -8
44386 109.20  43.10   995     2
28144  60.78  58.87   125     4
28666  67.30  55.25   140     7
31534 131.02  50.43   273     1
31713 132.95  48.73    77     4
48825 105.77  20.97     7     2
48846 105.90  18.35     3     3
29664  90.83  55.08   325     4
30054 112.58  59.45   190   -15
31825 138.40  47.60   164     0
31987 133.02  43.15   207     1
48327  98.97  18.77   314     1
44231 100.17  49.63  1283     1
29367  90.67  56.97   180     4
29467  90.52  56.28   257     5
29594  98.00  55.95   306     2
29956  89.92  52.80   449    -9
30622 105.90  53.97   521    -5
42647  72.63  23.07    56     2
38838  68.35  38.05   563    -2
44212  92.08  49.80   939    -9
44232 102.70  49.38   938     7
44282 101.47  47.45  1691    -9
44287 100.68  46.13  1859    -7
44341 106.28  45.77  1393     1
44352 112.37  45.73  1101     4
31174 137.53  54.83     9     3
48352 102.73  17.85   175     1
41620  69.47  31.35  1407     1
41640  74.33  31.55   215     0
41536  73.35  34.38   981    -2
41630  73.10  31.43   184     0
29772  93.43  54.35   479   -12
29274  93.03  58.07    89     7
29282  97.45  58.38   133     1
29477  93.27  56.48   164     3
29570  92.75  56.03   276     3
30230 108.07  57.77   258   -18
30521 105.17  54.80   418    -9
41571  73.10  33.62   508     0
47090 128.55  38.25    19     3
47152 129.32  35.55    35    -2
47162 128.43  34.83    34    -1
47173 127.32  35.40    91     0
47185 126.15  33.28    75     1
28655  63.32  55.23   177     7
42706  87.08  23.38    98     3
42724  91.25  23.88    38     2
42071  74.87  31.63   234    -1
42111  78.03  30.32   683    -2
42369  80.88  26.75   124     2
43198  74.62  15.85   755     1
48924 101.47  21.05   552     1
48938 101.73  19.23   292    -1
48955 105.77  15.12   102     1
48863 108.78  15.13     9     1
43201  75.63  15.42   669     0
98328 120.60  16.40  1501     3
30683 121.93  53.97   521     6
31445 128.12  51.45   200     5
42492  85.17  25.60    57     1
59562 121.15  22.75    10     1
59792 116.72  20.67     6    -1
31725 133.83  48.62    52     9
48925 102.00  20.68   636     3
48838 107.97  21.52     7    -1
48329  99.03  18.55   298     1
45035 113.98  22.47    35     4
31960 131.92  43.12   188     6
30173 119.80  59.00   198    -1
31026 130.62  58.73   197    12
48004  95.70  26.00   146     1
48035  97.75  22.93   749    -1
48060  99.62  21.30   828     1
59626 107.97  21.53    21    -1
53529 107.97  39.08  1381    -2
56586 103.72  27.35  1949    -2
59007 105.07  24.07  1249     3
54063 126.00  44.97   196     2
54285 128.12  42.42   721     3
57906 106.08  25.18   566     1
57799 114.92  27.05    71     2
58806 116.02  26.48   209     3
57896 114.50  26.33   126     0
50953 126.57  45.93   118     9
52418  94.68  40.15  1139    -2
50968 127.97  45.22   189     6
48085  94.58  17.58     3    -1
48087  95.42  17.67    25    -1
30925 106.45  50.35   797    -6
31371 126.00  52.78   209     7
31655 136.57  49.45    37     0
38844  69.23  38.25  2239     1
52707  93.68  36.80  2767     5
56793 104.47  25.72  1800     2
58637 117.98  28.45   118     2
57957 110.30  25.32   164     1
59647 109.10  21.03    55     2
59631 108.35  21.78    32     0
53543 109.98  39.83  1461     1
57067 111.03  34.05   568     0
57947 109.40  25.22   121     3
57841 109.67  26.57   320     2
57710 106.40  27.80   890    -4
56342  98.60  29.68  3870    -2
57411 106.10  30.78   309     2
47020 126.60  40.97   306    -1
47022 128.15  40.82  1200     0
47052 126.65  39.22   279     1
47070 126.57  37.97    70    -1
57461 111.30  30.70   133     0
52765 101.62  37.38  2850     1
50557 125.23  49.17   242     8
57682 113.57  28.72   106     3
53968 111.67  35.28   505    -6
53588 113.52  38.95  2208     1
54909 115.52  35.08    51     4
56146 100.00  31.62  3393     4
54218 118.83  42.30   668     4
59046 109.40  24.35    96     4
57910 106.08  25.77  1197     2
59294 113.83  23.33    30     0
59488 113.57  22.28    51    -1
53513 107.37  40.73  1041     1
52679 102.67  37.92  1531    -1
47604 139.05  37.92     7     1
47624 139.05  36.40   114     2
47636 136.95  35.17    56     1
47741 133.05  35.45    22     0
47800 129.30  34.20     4     0
59126 117.65  24.50    28     1
58820 117.17  26.90   342     2
51076  88.08  47.73   735    -6
51716  78.57  39.80  1116     3
58464 121.08  30.62     5     3
58646 119.92  28.45    59     1
58760 121.15  27.83    68     2
59087 113.52  23.88    97    -1
54236 122.55  42.38    79     1
54339 123.00  41.08    77     2
57761 111.30  27.75   211     2
55228  80.08  32.50  4278    -1
53845 109.45  36.58  1180     2
57034 108.22  34.25   447     3
56492 104.60  28.80   340    -4
29203  76.50  58.57    80     6
29231  82.95  58.32    75     3
29332  83.75  57.57   112     4
29638  82.95  54.90   131     3
29838  83.52  53.43   185     6
56287 103.00  29.98   627    -1
54715 116.57  37.32    18    -5
50618 118.27  48.22   642     7
54226 120.70  42.33   400     1
53798 114.50  37.07    77    -2
54401 114.92  40.77   772    -4
54539 118.88  39.43    10    -2
51709  75.98  39.47  1289    -3
52118  94.70  43.27  1728    -6
51238  82.07  44.90   531    -9
51655  86.27  41.35   884     2
51059  85.87  47.43   984     3
57595 114.50  29.60    76     5
56684 103.28  26.42  2110     3
56977 101.85  22.58  1120     3
35173  69.80  51.62   305     6
35067  66.33  51.88   221    10
36003  76.93  52.30   122    10
36870  76.93  43.23   851    -8
56986 103.68  22.98  1414     0
54142 123.53  43.50   114     3
59758 110.25  20.00    63     1
59113 116.72  24.73   226     3
58911 116.37  25.85   310     2
58135 118.22  33.48    16     1
56838  97.85  24.00   762     1
56959 100.78  22.00   582     1
54334 121.25  41.52    74    -5
52657 100.25  38.18  2787     3
52602  93.33  38.75  2770     0
50854 125.32  46.38   149     6
54525 117.28  39.73     5    -4
59431 108.22  22.63   121     2
59265 111.30  23.48   114     2
30372 118.27  56.90   710     7
30554 113.57  54.43   902    -5
31329 132.93  53.08   542     0
31416 136.50  52.42    70     0
31561 137.03  50.53    21     1
29937  82.77  52.52   175     7
36034  81.18  51.57   219     7
55773  89.08  27.73  4300    -2
51495  91.73  43.22   721     4
51581  90.23  42.85   398     1
51365  87.53  44.20   440    -2
51467  86.33  42.77  1732    -2
57143 109.97  33.87   742     5
57245 109.03  32.72   290     5
59658 110.30  21.15    53     0
53614 106.20  38.47  1110     2
53910 106.20  35.67  2841    -3
44291 106.75  47.85  1272     4
44329  99.27  45.38  2219    -9
44338 102.17  44.70  1519    -9
29654  87.63  55.20   498    -3
36229  85.62  50.27   977    -9
48302  99.03  19.92  1530    -1
48328  99.50  18.27   243     2
48376  99.13  16.87   126    -1
38328  69.70  42.32   604    -5
38439  68.00  41.37   275    -4
42933  77.03  20.70   282    -2
38579  67.83  40.12   343    -2
29566  92.27  55.93   274     3
29653  89.82  55.30   387     4
30337 107.62  56.32   356   -39
30603 102.05  53.93   458    -7
30612 103.07  54.00   426   -10
30627 105.53  53.10   761   -11
48300  97.97  19.28   274    -1
43121  76.85  17.35   459     0
43221  80.08  15.48    22    -2
42634  69.80  23.25   117    -3
42840  72.83  21.20    10    -3
42921  73.82  19.97   601    -5
43192  73.82  15.48    64     0
31152 136.15  57.65   318    -1
36090  93.68  51.12  1042   -14
36397  81.22  49.22   455     0
38583  68.68  40.82   263     0
48855 108.35  16.07     7     4
48848 106.60  17.48     8     2
38345  72.22  42.52  1218    -5
47159 129.02  35.10    70    -1
47165 126.37  34.82    39     0
29363  92.27  57.62   179     6
29698  99.03  54.88   411   -15
29557  88.30  55.75   211     5
29915  78.65  52.97   125    13
44230 102.00  49.57  1235     0
44298 108.22  46.45  1286     0
44313 118.62  47.62   688     5
44336 103.90  45.45  1316     1
42971  85.83  20.25    49     2
42339  73.02  26.30   221    -2
42027  74.83  34.08  1587     1
36639  81.62  47.12   491    -7
48382 103.07  16.23   154     1
48413 101.10  15.65    69    -1
28586  72.22  55.87   117    11
28696  74.58  55.03   110    10
98223 120.53  18.17     5     0
98327 120.53  15.18   155     0
98330 120.95  15.47    32     1
98336 122.12  16.25     4     0
48806 103.90  21.33   676     1
47095 127.30  38.13   155     1
47114 127.93  37.33   150    -2
47137 128.15  36.40    97     0
47145 127.12  36.77    25     2
47171 126.85  35.55    46     1
28382  71.18  57.68    55    15
28573  69.43  56.10    82    13
44214  89.93  48.93  1715    -9
44277  96.25  46.40  2181   -12
38616  72.90  40.70   868     0
47105 128.88  37.75    27     2
47115 130.88  37.47   224     0
44237 101.38  48.53  1509    -5
44239 103.55  48.80  1208     1
44294 107.48  47.30  1430     4
44314 115.63  47.17   907     5
42410  91.58  26.10    72     1
42701  85.32  23.32   646    -1
38847  69.28  38.07   669    -1
59559 120.75  22.00    24     0
38875  73.55  39.02  3930    -2
47102 124.62  37.95   146     2
47127 127.95  36.97   116    -1
47170 126.70  34.38    36     1
47175 126.32  34.47   477     3
48935 103.13  19.47  1094     1
54342 123.52  41.73    49     1
56093 104.02  34.43  2315     0
56778 102.65  25.00  1888     2
54774 122.13  37.47    65     0
31961 131.97  43.88    36     4
31016 128.50  58.63   230     9
48008  97.40  25.37   147     1
48019  97.20  24.27   113    -1
48020  94.42  23.63   116     1
48057  97.05  20.78  1436     0
30650 112.78  53.20   922    -3
31388 129.92  52.35   207     4
31624 133.23  49.40   201     6
57839 109.15  26.23   568     0
56693 104.87  26.58  1815     2
50727 119.93  47.17   997     5
52546  99.83  39.37  1332    -1
55572  89.10  29.68  4000    -4
56251 100.32  30.93  3000     2
58500 115.20  29.85    45     0
50963 128.73  45.97   108     5
52661 101.08  38.80  1765     1
52996 105.02  35.38  2450    -2
57779 113.35  27.00   102     1
57972 113.03  25.80   184     5
57907 104.90  25.08  1299     2
57625 107.45  28.55   679     2
56228  96.92  30.05  3260    -2
38744  71.87  39.28  1198    -3
38951  71.55  37.95  1981     1
52876 102.83  36.33  1813    -1
57395 114.12  31.57    74    -6
58215 116.78  32.43    25     2
55578  88.88  29.25  3836    -3
53859 110.67  36.10   851     3
53884 113.03  36.52   877    -3
54808 115.63  36.23    37     2
56080 102.90  35.00  2910    -1
52884 103.95  36.35  1668     3
57722 107.47  27.77   792    -4
59287 113.48  23.22    70     0
59456 110.93  22.35   141     0
53391 114.00  41.90  1482     2
57458 110.67  30.20   619     0
57014 105.87  34.57  1085     4
47060 125.38  38.72    47     0
52836  98.10  36.30  3189     0
52856 100.62  36.27  2835     2
51828  79.93  37.13  1375     2
51720  79.05  40.50  1161    -1
58047 119.23  34.25     4     2
58652 120.72  28.87    83     1
57662 111.68  29.12   150    -2
57679 112.78  28.12   115     1
59493 114.00  22.53    63     2
59478 112.78  22.25    32     2
54527 117.05  39.08     3    -4
57048 108.72  34.40   472     2
57037 108.98  34.93   710    -1
57604 105.38  28.78   368     1
56386 103.75  29.57   424    -4
28978  68.75  52.53   398     9
28766  66.97  54.37   151     4
28867  65.55  53.32   216     5
28966  66.97  52.82   227     7
35085  70.95  52.00   384    11
56385 103.33  29.52  3047    -2
50853 126.97  46.62   179     5
50756 126.97  47.45   239     7
54337 121.12  41.13    65    -1
54353 125.05  41.73   328     1
54365 125.35  41.28   245     0
54727 117.55  36.68   121     1
52576 101.68  39.22  1510     0
54534 118.10  39.65    23    -3
54618 116.55  38.08    13    -3
59058 110.52  24.20   145     2
51818  78.28  37.62  1375     1
51470  88.12  43.88  1942    -4
51642  84.27  41.82   982     4
52313  94.67  41.53  1573     2
36428  84.52  49.20   401    -4
38836  68.73  38.58   800    -4
30758 113.48  52.08   670     4
31733 135.88  48.82    58     0
29768  91.58  54.18   252    -4
51060  86.87  47.70   473    -5
57476 112.15  30.35    31    -2
56768 101.55  25.03  1824     1
56856 100.87  24.47  1162     2
54276 126.80  42.40   570     0
58362 121.45  31.40     5     4
58936 118.70  25.37    77     2
58265 121.60  32.07     3     3
58356 121.00  31.40     3     3
56651 100.22  26.85  2380     0
52868 101.43  36.03  2237     0
50603 116.82  48.67   554     5
53362 111.68  41.53  1490     1
50434 121.68  50.48   732     8
54213 119.02  42.93   634     5
29551  87.68  56.18   144     6
50955 126.30  45.38   166     4
54528 117.13  39.23     3    -6
57447 109.47  30.28   457     2
58150 120.25  33.77     2     3
56307  92.58  29.15  3260    -2
51639  82.78  41.23   980     1
57144 109.15  33.43   693     4
58931 118.10  25.72  1653    -3
58543 119.02  29.62   171     3
58549 119.65  29.12    62     3
58553 120.82  30.05     6     4
58556 120.82  29.60   104     5
56038  98.10  32.98  4200    -1
54416 116.87  40.38    71    -3
52983 104.15  35.87  1874    -3
53903 105.72  35.97  1916    -1
54476 122.15  40.17    20     4
44242 105.40  49.15   748     1
44263  91.08  46.92  1951   -14
44286 104.15  47.15  1363    -6
44374 101.03  43.23  1726    -6
44385 107.18  43.18  1114    -1
48334  99.30  18.32   319     1
48360 102.42  17.22   228     2
38178  64.33  43.15   236     6
38403  62.47  41.75    97    -2
48375  98.53  16.70   197     1
48407 104.87  15.25   123     3
48307 100.87  19.40   334     0
48409 104.32  15.08   129     4
31295 125.82  53.47   363     0
31801 136.18  47.67   180    -1
31137 131.13  56.28   849     6
42867  79.05  21.10   310     0
29581  95.63  56.20   202     2
29752  88.82  54.75  1188     4
29869  92.40  53.27   297   -11
31989 133.90  42.90    42     0
30686 122.40  53.47   294     5
30961 115.58  50.95   639    -3
41660  66.88  30.25  1589    -6
41506  71.83  35.85  1500    -3
41697  67.88  29.55   134     6
41746  68.13  26.85    47     1
30710 104.32  52.27   469    -9
41710  62.75  28.82   683    -1
41744  66.63  27.83  1232     1
36535  82.37  48.75   512    -5
42379  83.37  26.75    77     0
43086  79.43  18.77   160     3
43213  78.07  15.80   289     0
30838 108.87  51.32   805     9
98134 121.97  20.42   167    -3
28076  69.28  59.60    56    13
28366  67.08  57.42    52    11
