diamond  3 2014年01月06日02时地面变温                        
  14  01  06  02 1000 0 0 0
39 122.7 37.3 122.5 36.7 120.8 36.2  119.3 35.0 120.4 34.3
 121.1 32.7 122.3 30.9 122.5 30.1  121.5 28.0 119.8 25.0
 116.1 22.6 111.0 21.0 111.0 18.6  109.6 18.1 108.3 18.5
 108.9 19.9 109.3 21.0 106.4 21.6 104.1 22.2 101.6 20.8
 98.7 22.0  97.1 24.1  97.7 27.0 91.7 26.6  85.7 27.7
 78.9 30.6  73.3 37.1  74.1 40.7 87.6 49.8  98.5 43.9
 110.4 44.3 122.0 54.7 135.7 48.3 131.5 42.2 125.2 39.4
 121.3 38.5 121.2 40.3 118.5 38.6 120.8 38.1
1  1554
57774 112.17  27.45   100     8
57655 110.40  28.47   151     7
57687 112.92  28.22    68     7
53775 112.53  37.43   781     0
53478 112.45  40.00  1345     0
54843 119.20  36.75    22    -1
56173 102.55  32.80  3491     6
57348 109.53  31.02   299     3
57520 107.07  29.83   377     2
50742 124.48  47.80   162     4
57673 112.88  28.68    53     5
57584 113.08  29.38    53     3
57780 113.17  27.87    74     8
54254 124.05  42.53    98    -4
54335 122.08  41.68    37    -9
40898  60.62  25.28     8    -2
48437 103.25  15.23   184    -2
54751 120.73  37.93    39     1
44216  93.10  48.82  1051     1
44325  96.77  44.93  1182     1
47891 134.05  34.32    14     0
38696  66.95  39.63   725    -1
48315 100.80  19.12   236     0
48374 101.23  16.77   144    -4
48385  98.85  16.02   460     1
48390 103.58  16.32   140    -2
48418 101.18  15.27    51    -2
47740 133.33  36.20    32     1
47778 135.75  33.45    69     0
47918 124.17  24.33    14    -2
58846 119.52  26.67    32    -2
58608 115.55  28.07    30     3
57832 108.67  26.97   626     5
57516 106.47  29.58   259     2
54929 117.97  35.27   121     2
57181 113.05  33.88   136     5
58005 115.67  34.45    50    -1
50658 125.88  48.05   236     3
50136 122.52  52.97   433     9
50442 124.12  50.40   371     4
50514 117.32  49.58   661     1
53231 106.38  41.45  1510     2
52866 101.75  36.73  2295     2
57894 114.17  26.58   843     5
59218 106.42  23.13   739     6
56485 103.58  28.27  1255     3
57237 108.03  32.07   674     6
51367  86.82  44.13   522     0
59278 112.45  23.03    41     0
58450 120.05  30.87     7     3
58666 121.90  28.45    86     1
58742 119.55  28.12   163     0
58731 118.53  27.92   276     0
58725 117.47  27.33   218     0
54511 116.47  39.80    31     2
53929 107.80  35.20  1206     7
57445 109.72  30.60   609     3
58255 120.57  32.37     6     4
58259 120.98  32.08     4     4
58354 120.35  31.62     3     1
59303 115.75  23.92   135     1
50915 116.97  45.52   838     6
50978 130.92  45.30   272     2
57127 107.03  33.07   509     5
57343 109.53  31.90   995     6
57154 110.90  33.53   523     5
58834 118.17  26.63   152     2
51644  82.97  41.72  1081     0
51463  87.65  43.78   935    -5
56786 103.83  25.58  1898     4
56875 102.55  24.33  1716     5
56951 100.08  23.88  1502     2
56643  98.85  25.87   949     0
56886 103.77  24.53  1704     6
56966 101.98  23.60   400     0
57426 107.80  30.68   454     5
59021 107.03  24.55   509    10
59023 108.03  24.70   260     7
54284 127.50  42.15   774     2
54377 126.22  41.15   225     0
59754 110.18  20.33    55     5
58562 121.55  29.78     5    -2
58569 121.95  29.20   128    -1
59133 118.92  24.90    21    -1
58424 116.97  30.62    62     4
58221 117.30  32.85    26     1
59280 113.08  23.72    79    -1
59298 114.37  23.07   108     0
52825  96.43  36.43  2790    -1
51186  90.38  46.67  1218   -16
54243 124.12  42.78   165    -4
54027 119.40  43.98   486    -4
54208 116.47  42.18  1245    -7
51730  81.27  40.55  1012    -1
50838 122.05  46.08   274     2
54135 122.27  43.60   178    -5
54449 119.52  39.85     2    -1
54602 115.48  38.73    16     2
54624 117.32  38.40     4    -2
53612 106.18  37.98  1128     3
58040 119.13  34.85     5    -3
52984 103.18  35.58  1917     2
56969 101.58  21.47   633     2
47100 128.72  37.67   773    -7
47104 128.85  37.80    80    -2
47106 129.12  37.50    41    -2
47112 126.62  37.47    69     2
47119 126.98  37.27    37     0
47130 129.40  36.98    51    -3
47146 127.15  35.82    54     0
56067 101.48  33.43  3628     0
58402 115.67  30.73   123     2
56434  97.47  28.65  2327     3
56666 101.72  26.58  1224     6
56029  96.97  33.00  3716     4
59417 106.85  22.33   128     6
58634 118.25  28.68   116     0
53863 111.92  37.03   743    -1
53446 109.88  40.53  1004    -1
53463 111.57  40.85  1153     0
54836 118.17  36.18   305     0
58321 117.30  31.78    27     1
58429 117.85  30.98    11     2
58236 118.25  32.35    33     3
58531 118.28  29.72   142     0
57399 114.95  31.13    74     4
57358 110.97  30.83   295     3
51886  90.85  38.25  2944     0
56021  95.80  34.12  4175    -1
57745 109.68  27.45   272     5
53502 105.75  39.78  1031     0
53192 114.95  44.02  1126     3
57502 105.70  29.70   394     1
56331  97.83  29.67  3780    -4
56128  96.60  31.22  3810     1
57649 109.68  28.23   254     4
41712  64.40  28.88   850    -2
29481  95.22  56.82   188    -6
29571  92.73  56.07   234    -5
29789  96.97  54.22   984   -17
30703 101.98  52.97   543     5
36083  92.17  52.05   576    -4
38198  68.22  43.27   207    -5
30695 123.90  53.47   265     6
31253 128.87  54.72   364     2
31527 129.47  50.12   239     3
29974  93.23  52.80  1398   -18
45004 114.17  22.30    66    -1
45005 114.17  22.30    40     0
42798  86.18  22.82   143     2
42571  80.83  24.57   316     1
42675  79.95  23.20   398    -3
42754  75.80  22.72   567    -4
43041  82.03  19.08   554     1
28879  69.38  53.28   229     6
35671  67.72  47.80   346     1
35953  64.08  45.50   103    -1
30526 107.07  54.48   650    -2
31878 133.50  45.10    97     2
36208  83.55  50.33   811   -11
36278  90.42  50.37  1850    -9
29122  80.83  59.05    57     8
30385 121.50  56.58   425     6
98325 120.35  16.08     2    -3
30673 119.73  53.75   624    11
30823 107.60  51.83   514    11
31168 138.15  56.45     7     3
28367  65.43  57.12   101    11
28797  72.97  54.20   124    12
38545  62.28  40.47   142     2
38911  65.20  37.83   240     0
41718  70.68  28.65    88     1
28791  72.43  54.63   114     9
44373 104.42  43.58  1465     3
48930 102.13  19.88   305     0
38856  70.88  38.47  1288   -20
38944  69.38  37.48   447     0
31054 135.15  59.18   212    -3
28541  60.30  56.08   398    10
35699  74.82  47.45   620    -2
48324  99.23  17.63   192    -1
48401 100.52  15.33    93    -7
47108 126.95  37.57    87     1
47133 127.37  36.37    69     0
36911  75.28  42.83   817    -1
29636  84.38  55.22   172     3
48353 101.72  17.45   254    -3
29625  80.97  55.10   141     4
29822  81.27  53.82   129     4
36020  80.17  52.48   158     6
31873 133.73  45.87   104     4
31005 126.27  58.97   283     8
42101  76.47  30.33   252    -1
48351 100.08  17.62    64    -1
42348  75.80  26.82   390    -1
30455 113.62  55.48  1096     0
30846 112.47  51.35   743     6
30967 115.75  49.90   622     1
29662  91.62  55.38   321    -6
30309 101.75  56.28   416   -16
44241 106.07  48.92   807    -2
44272  96.85  47.75  1759    -8
44285 102.77  46.90  1662     6
44358 111.90  43.73   964     3
48383 104.72  16.53   139     2
43189  82.23  16.95     7    -1
59158 120.68  24.15    78    -1
59567 121.55  22.03   325    -1
48304  99.77  19.87   401     1
51747  83.67  39.00  1099     0
47184 126.52  33.50    21     1
38613  72.95  40.92   765     4
48356 104.13  17.15   172    -1
48381 102.78  16.45   193     1
38599  69.73  40.22   427     0
98132 121.85  20.80   124    -1
29874  92.88  53.58   319   -15
98222 120.45  17.88    57     1
98324 119.97  15.32     5     0
44224  96.02  48.77  1928   -18
44266  93.90  46.32  2222    -8
47605 136.63  36.58    33    -2
47746 134.23  35.48    15    -2
47750 135.32  35.45    22    -6
47772 135.52  34.68    83    -2
48354 102.80  17.37   178    -2
48400 100.12  15.67    35     0
44265  91.47  46.12  1186    -4
29393  99.53  57.65   220   -17
29726  81.88  54.37   132     3
48402 100.18  15.15    16     0
48325  97.93  18.17   213     1
36259  88.67  50.00  1760    -9
47097 127.48  37.25    79     0
47150 126.55  36.32    16     1
47174 127.23  35.07    75     1
47189 126.55  33.23    50     0
45045 114.30  22.17    60     1
42182  77.20  28.58   216    -2
30745 111.55  52.53   951     4
48386 100.37  16.33    39     0
28952  63.62  53.22   170     5
29802  76.53  53.82   114     9
35188  71.37  51.13   350     3
35357  69.52  49.68   349     1
38062  65.50  44.85   130     0
38343  72.75  42.95   683   -11
30975 119.07  50.33   521    16
29068  90.92  59.50    66     4
29263  92.20  58.45    78     5
29456  89.32  56.53   205     2
29563  92.20  56.12   478    -3
30157 112.87  58.32   224     2
31489 136.80  51.20    91    -4
36092  93.90  52.13   852    -7
28044  60.53  59.60   130     8
30089 121.77  59.02   175    11
31004 125.37  58.62   679     9
41756  61.80  25.07    57    -1
29374  93.25  57.67    92     3
29676  94.90  55.27   337   -14
30504 100.63  54.60   522    -5
36307  95.17  50.25  1100    -3
29348  86.22  57.07   114     7
29524  80.05  55.85   128     5
29645  86.22  55.25   148     4
36096  94.48  51.70   632     0
30781 120.03  52.75   374    13
30777 117.70  52.23   525     9
31538 132.13  50.07   347     3
31418 135.80  52.28   201    -2
43014  75.40  19.85   585     0
43110  73.33  16.98    91    -1
38565  65.68  40.55   484    -2
38611  71.58  41.00   474     1
38618  71.75  40.38   577     1
38812  65.72  38.75   375     1
38806  64.37  38.47   212    -1
38987  62.35  35.28   625     2
36103  96.12  52.47   919    -9
42415  92.78  26.62    91     0
42587  84.07  24.05   221     2
42623  93.90  24.77   774     0
44288 102.78  46.27  1813     4
31845 135.32  46.53   129     1
31921 132.07  44.72    77     2
31969 130.80  42.65    39     1
28593  74.63  56.10    77    10
28786  71.75  54.37   124     9
36087  91.50  51.20   724    -9
41685  69.72  29.88  1098    -1
28588  71.37  55.57   126     9
28064  65.72  59.63    72    16
41535  73.25  34.18  1309    -1
41678  73.25  29.95   163    -1
54523 117.02  39.38     4     1
50758 125.90  47.18   246     4
56178 102.35  31.00  2438     1
52713  95.35  37.85  3173     2
52737  97.38  37.37  2981     5
57993 115.00  25.87   137     1
53882 113.07  36.05   991    -2
54826 117.10  36.25  1533     0
56033  98.22  34.92  4272     1
59306 115.85  23.45    80    -1
53963 111.37  35.65   433     7
57749 110.00  27.57   257     4
52323  97.03  41.80  1770    -2
52436  97.03  40.27  1526    -5
59096 114.48  24.37   214     1
53594 114.18  39.45   938    -3
53787 112.98  37.07  1041     0
53959 111.05  35.05   365     9
56792 104.97  25.78  1649     4
54064 125.15  44.38   170     1
54171 126.52  43.70   229    -2
54363 125.90  41.68   402     1
54195 129.78  43.30   244    -2
56109  93.78  31.48  3940    -2
57669 111.22  28.38   128     7
57562 111.37  29.58   116     6
45007 113.92  22.30     7     0
58507 115.12  29.25   116     5
58038 118.78  34.08    10     3
54857 120.33  36.07    76    -3
54455 120.65  40.62    20    -8
53480 113.07  41.03  1419     1
57405 105.55  30.50   355     2
57608 105.43  28.17   377     3
51701  75.40  40.52  3504    -3
59673 112.77  21.73    21     2
53487 113.42  40.08  1052    -5
58557 120.08  29.33    90     0
58633 118.90  29.00    82     2
58667 121.27  28.08    95     1
58122 116.98  33.63    25     1
58744 119.42  27.45   815    -1
57028 107.32  34.03  1543     6
57030 108.15  34.70   994     1
58027 117.15  34.28    41     0
58238 118.90  31.93    35     3
58252 119.47  32.18    27     3
59117 116.07  24.28   116     0
50950 125.25  45.70   148     9
50739 123.18  47.33   190    -2
57003 106.83  34.90   924     4
57025 107.38  34.52   781     1
53740 109.23  37.93  1111     1
57827 107.53  26.32   969     6
57483 113.13  30.67    31     5
58927 117.02  25.05   376     2
51288  90.53  45.37  1653   -11
51346  84.67  44.43   478     1
56954  99.93  22.57  1054     1
56751 100.18  25.70  1990     4
59242 109.23  23.75    84     6
50948 124.02  45.00   146     2
54260 125.08  42.92   252    -3
52787 102.87  37.20  3045     0
58026 118.02  34.40    25     3
59088 113.42  24.18    74     0
57285 113.42  32.38   153     1
58467 121.27  30.20     4     1
58752 120.65  27.78    39    -1
58933 118.98  26.92   869     1
58319 116.95  31.07    85     3
59358 120.22  23.00    14     0
58419 117.02  30.10    17     1
57091 114.30  34.78    73    -3
57265 111.73  32.43   132     6
54753 120.33  37.63     4    -2
51567  86.57  42.08  1055     1
51243  84.85  45.62   449     4
51431  81.33  43.95   662    -4
51839  82.72  37.07  1409    -1
51628  80.23  41.17  1103     0
56227  95.77  29.87  2736    -1
54333 122.85  41.97    30    -7
52908  93.08  35.22  4612    -4
50564 127.35  49.43   234     6
57306 105.97  31.58   382     4
52495 104.80  40.17  1323    -1
58314 116.32  31.40    86     3
58336 118.57  31.70    80     2
58414 116.32  30.43   105     3
58436 118.98  30.62    87     1
54423 117.92  40.97   422    -1
53723 107.38  37.80  1349     3
53806 105.65  36.57  1854     3
48377  99.00  17.23   144    -1
45044 114.02  22.20    79     0
57313 106.77  31.87   417     5
44218  91.57  48.02  1405    -3
44275  98.08  46.83  2255    -1
44284 100.13  46.70  2126     0
44302 112.12  47.78   926    11
44347 105.32  44.42  1298     3
48403 102.02  15.80   184    -3
45039 114.20  22.40    12     2
29580  95.27  56.17   357   -11
35497  72.87  48.85   656    -1
35746  61.65  46.78    62     2
38341  71.38  42.85   655    -8
31285 134.42  54.50    61     6
31300 127.27  53.73   230     5
31484 135.08  51.42   268     4
29430  84.92  56.50   139     7
29736  84.20  54.33   198     1
30636 109.63  53.62   488    -5
31594 130.08  49.42   134     0
30879 119.62  51.32   619    11
30965 116.52  50.40   675     5
47827 130.53  31.55    31    -1
47893 133.55  33.57     5    -1
47945 131.23  25.83    20    -2
40878  62.33  27.33  1195    -1
44243 106.67  49.75   676    16
38457  69.30  41.33   477     1
44304 110.63  47.32  1033     7
40829  61.48  31.05   489     0
48355 104.05  17.12   192     0
38353  74.53  42.85   760    -7
48331 100.75  18.77   201     0
48378 100.27  16.78    45    -1
47099 126.75  37.88    30    -2
47121 128.45  37.17   241    -5
47135 127.98  36.22   245     2
47140 126.75  36.00    24     2
47172 126.58  35.33    56     1
48303  99.87  19.95   393     1
48379 101.15  16.43   116    -1
55493  91.10  30.48  4200   -11
56144  98.58  31.80  3184     3
56187 103.87  30.75   547     0
57741 109.18  27.72   282     3
57916 106.77  25.43   440     3
52754 100.13  37.33  3301     4
52986 103.87  35.37  1893     2
53664 111.13  38.47  1012     6
53352 110.43  41.70  1376     5
59845 109.58  19.52   169     2
59948 109.58  18.22   419     0
57381 113.33  31.62   116     4
57583 113.97  29.92    61     6
56964 100.97  22.78  1302     2
52378 102.37  41.37   960     3
53195 113.63  43.85  1036     9
54623 117.72  39.05     4     0
50862 127.98  46.98   206     1
52533  98.48  39.77  1477     0
53915 106.67  35.55  1346     4
50877 129.58  46.30   100     5
50844 123.45  46.40   138     7
58519 116.68  29.00    40     1
54823 117.00  36.60   170    -6
56151 100.75  32.93  3530     6
56043 100.23  34.48  3719     1
50936 122.83  45.63   155     6
54273 126.75  42.98   263    -1
57633 108.77  28.82   826     4
56034  97.13  33.80  4415    -2
55294  91.10  32.35  4800    -4
55279  90.02  31.38  4700    -8
55248  84.42  32.15  4414    -2
55681  90.40  28.97  4431    -7
59092 114.82  24.92   206     1
57872 112.60  26.90   104     6
53663 111.82  38.92  1401    -1
57776 112.70  27.30  1265     1
57642 109.63  28.70   325     4
57853 110.63  26.73   341     4
56223  95.83  30.75  3640    -5
56018  95.28  32.88  4066     4
59102 115.65  24.95   303     2
57647 109.18  28.15   406     3
57612 106.65  29.00   474     0
54744 118.55  37.58     8    -1
57193 114.52  33.78    52    -2
54237 121.75  42.07   167   -11
50353 126.63  51.73   173    11
50247 123.57  52.03   514    15
50349 124.40  51.67   501    11
50632 121.92  48.77   739    -3
52267 101.07  41.95   940     0
53948 109.58  34.95   499     2
57131 108.97  34.43   410     2
57279 112.75  32.15   125     0
58527 117.20  29.30    61     2
58837 118.15  26.17   137     0
51542  84.15  43.03  2458     5
51526  88.22  42.23   922     1
56444  98.92  28.48  3319     1
56763 101.87  25.73  1120     5
54041 123.07  44.80   150     2
54263 126.05  42.97   336    -1
59097 114.20  24.05   198     0
58520 117.72  29.85   142     1
57793 114.38  27.80   131     6
58407 115.03  30.23    32     5
54606 115.73  38.23    19    -2
53519 106.77  39.22  1092     5
53705 105.68  37.48  1183     6
54259 124.92  42.10   237    -1
54351 124.08  41.92   118    -4
58158 120.48  33.20     3     4
38915  66.02  37.52   265    -3
38974  61.22  36.53   275    -1
52833  98.48  36.93  2950     1
52974 102.02  35.52  2491    -2
52645  99.58  38.42  3320     7
56479 102.85  28.00  2132    -1
51804  75.23  37.77  3090    -1
51477  88.32  43.35  1103    -3
55472  88.63  30.95  4672    -5
59663 111.97  21.83    89     0
59289 113.73  22.97    56     1
58472 122.45  30.73    79     3
58118 116.52  33.27    26     2
58203 115.73  32.87    32     2
57378 112.57  31.17    65     3
53735 108.80  37.62  1336     5
58138 118.52  32.98    40     2
59664 110.98  21.53    31     2
59317 116.30  23.03    14     2
58665 121.42  28.62     4    -1
56182 103.60  32.67  2881     5
53687 113.63  37.78   753    -3
58311 116.50  31.73    74     3
58437 118.15  30.13  1840     3
52797 104.05  37.18  1630     2
56065 101.60  34.73  3500     1
51053  86.40  48.05   532   -16
51334  82.90  44.60   318    -5
51068  87.47  47.12   500   -10
55655  85.97  28.18  3810    -4
54346 123.78  41.32   185    -3
54486 123.28  40.28    79    -5
57290 114.02  33.00    82    -1
59316 116.68  23.40     2     1
51232  82.57  45.18   336   -11
51573  89.20  42.93    34     0
56257 100.27  30.00  3948    -2
58944 119.78  25.52    32    -1
58926 117.42  25.30   205     1
54916 116.85  35.57    51     0
44454  85.37  27.70  1337    -1
45011 113.55  22.15   114     1
36091  93.00  52.25   662    -7
30731 108.28  52.98   491    -1
30859 114.52  51.10   681     8
30862 116.03  51.87   597     6
30252 114.02  57.82   249     2
30815 103.60  51.53  1442   -10
31959 135.85  44.37    33     2
30493 124.88  55.97   860     7
43128  78.47  17.45   535     2
41529  71.93  34.03   329    -1
41598  73.72  32.93   234    -1
41768  69.78  25.52     6     1
29562  91.67  56.10   331    -1
29766  92.15  54.35   281   -18
36104  95.57  51.47   705   -14
31521 129.33  50.78   230     0
31832 134.27  46.80    67     1
43063  73.85  18.53   558    -2
42314  95.02  27.48   111     0
42886  84.08  21.92   230     3
31915 131.38  44.40   211     7
31981 133.07  43.97   187     3
29876  94.20  53.68   446   -15
48404 103.60  16.07   155    -1
28165  66.08  58.72    81    19
28481  70.62  56.82    78    10
48845 105.68  18.67     6     1
48840 105.78  19.75     5     2
29558  89.20  55.53   318     3
41600  74.53  32.50   256     1
41759  63.48  25.27     6    -1
98233 121.75  17.63    62    -1
28383  72.40  57.52    66     8
28688  71.27  54.93   126     8
48947 104.65  16.55   145     1
38725  69.67  39.43  2234    -4
38933  68.78  37.82   427    -1
31123 130.90  57.77   254     3
28255  63.68  58.05   102    10
28645  61.30  55.15   236    10
28748  61.62  54.08   192     2
38462  70.37  41.90  1255    -5
28049  62.33  59.43   130     8
29602  76.75  55.30   111     9
29724  80.47  54.33   160     8
29923  82.33  53.07   219     1
29939  84.92  52.67   225   -11
36021  79.18  52.25   142     4
36058  86.02  51.38   419    -8
30949 111.97  49.57   907     6
36982  78.23  41.88  3639     1
48373  99.85  17.15    54     0
30393 124.87  56.83   858     6
43150  83.30  17.68    69    -2
43185  81.15  16.20     9    -2
41624  70.92  31.82   173    -1
41715  68.47  28.30    56     0
41780  67.13  24.90    22    -3
44210  90.35  49.60  1480   -17
44229  99.88  48.15  2055     0
44257 110.57  48.62  1050     8
44213  94.40  49.65  1232     1
44225  98.20  48.73  1723    -2
44256 114.40  49.55   705     4
44317 115.37  45.90  1076     7
29471  93.17  56.88   179    -2
29553  89.55  56.22   290     2
29864  90.37  53.72   525   -14
36177  80.30  50.42   196     2
38196  68.90  43.55   822    -2
47830 131.40  31.93    15    -2
47887 132.78  33.85    34    -1
48310  99.88  19.18   398     1
48405 103.65  16.05   142     0
31442 127.65  51.98   280     8
42737  70.78  22.30   138     0
45032 114.15  22.52    14     5
28676  69.12  54.78   101     7
29807  75.45  53.35    94     8
35394  73.15  49.80   553     4
38069  66.75  44.17   153    -4
28240  60.07  57.88   260     9
29706  77.30  54.38   116    11
28097  73.28  59.58    60    11
28799  74.80  54.17   114    10
47129 126.48  36.77    30     3
47136 128.70  36.57   141    -4
47143 128.62  35.88    65    -2
47154 128.32  36.12    50     0
47155 128.57  35.17    38     1
47157 127.90  35.67   222     1
31478 133.98  52.27   902     0
36073  90.78  52.27   716    -8
30635 109.02  53.42   460     6
30935 108.75  50.37   770     6
31735 135.18  48.52    76     5
42591  84.95  24.75   116     3
36078  90.20  51.00   983    -6
42559  77.32  24.65   481    -3
47169 125.45  34.68    77     0
47188 126.87  33.38    19     1
47192 128.03  35.15    31     0
38799  62.80  38.08   185    -2
38895  62.18  37.60   240    -3
36231  86.13  50.73   833    -9
48408 105.03  15.23   130     1
48940 102.57  17.95   171     0
48357 104.78  17.42   147     1
38954  71.50  37.50  2075    -1
30323 105.80  56.80   325   -12
28440  60.63  56.83   281     8
28661  65.42  55.45    73     5
29612  78.30  55.35   119     8
47662 139.77  35.68    36    -1
47678 139.77  33.12   156    -1
47843 128.83  32.70    26     4
30637 107.73  53.32   461    -7
48852 107.58  16.43     9     0
40879  60.70  27.20   591     0
48802 103.82  22.35  1581     1
48803 103.97  22.50    97     0
48810 105.83  22.15   176     5
48831 105.83  21.60    32     3
38396  60.63  41.57   100    -5
28984  70.22  52.95   395     5
28552  63.65  56.07    89    11
29111  78.23  59.22    69     5
36022  80.33  52.02   208     4
36038  82.17  51.15   354     0
31041 133.03  59.63   179     3
31102 125.97  57.65  1204     5
40856  60.88  29.47  1370     0
42328  70.92  26.90   257     0
42452  75.85  25.15   279    -3
30957 113.27  50.27   732     3
29379  94.55  57.20   164    -3
30028 106.17  59.28   351   -10
30328 105.83  56.05   338    -6
54324 120.43  41.55   174   -10
54470 122.07  41.02     5    -5
58143 119.85  33.80     4     3
58251 120.28  32.85     3     3
28275  68.25  58.15    46    16
28698  73.38  55.02   122     7
41573  73.38  33.92  2127    -3
41725  68.90  27.67    68     2
41785  68.90  24.63    11    -2
42131  75.73  29.17   210    -5
98232 121.62  18.35     3    -1
58974 122.07  25.63   102     1
98334 121.62  15.73   178     0
57523 107.73  29.85   290     2
56312  94.33  29.67  2991    -3
56172 102.23  31.90  2664     3
57707 105.28  27.30  1510     1
57816 106.73  26.58  1223     2
56125  96.47  32.20  3643     4
57889 113.95  26.08   835     6
57574 112.40  29.37    36     3
59644 109.13  21.45    12     4
57789 113.95  27.13   194     5
56096 104.92  33.40  1079     4
52447  98.88  40.00  1270     3
52652 100.28  39.08  1461    -4
53490 114.05  40.43  1014    -3
53673 112.72  38.73   828    -5
54115 118.03  43.63   825     0
53276 112.90  42.40  1150    10
57545 109.42  29.53   502     3
58705 115.42  27.33    85     3
58715 116.65  27.58    80     2
57718 106.73  27.10  1038    -1
53923 107.63  35.73  1421     3
56116  95.60  31.42  3873     1
52424  95.78  40.53  1170    -3
50973 130.60  45.75   234     2
59324 117.03  23.43     7     0
57493 114.33  30.35    73     4
50949 124.87  45.08   136     6
54181 127.33  43.70   295     0
54386 128.18  41.42   775     2
55690  91.95  27.98  4280    -4
57965 111.60  25.53   192     5
57874 112.40  26.42   116     5
56691 104.28  26.87  2237    -3
55585  90.17  29.43  3809     0
57758 110.58  27.07   323     5
57766 111.45  27.18   311     4
57598 114.58  29.03   146     5
58506 115.98  29.58  1164     1
57696 114.78  28.40    91     5
57926 107.88  25.42   428     8
57614 106.22  28.33  1180    -3
58241 119.45  32.80     5     1
53898 114.40  36.05    62    -4
50774 128.83  47.70   264     2
50788 131.98  47.23    66     6
53083 114.15  44.62  1181     1
54026 120.90  44.57   265    -1
50639 122.73  48.00   306     2
58600 115.37  28.87    78     2
59228 107.58  23.32   108     3
56188 103.67  31.00   698     2
51433  82.52  43.80  1105    -3
51656  86.13  41.75   931     3
56202  93.28  30.67  4488    -3
59485 113.40  22.50    33     2
59501 115.37  22.80    16    -2
59462 111.60  22.70    60     2
58457 120.17  30.23    41     1
58477 122.10  30.03    35     0
58734 118.12  27.33   196     0
50425 120.18  50.25   581     8
53149 110.13  42.53  1225     8
54094 129.60  44.57   241     1
50873 130.30  46.78    82     2
53738 108.17  36.92  1331     5
53754 110.22  37.50   929     1
53942 109.42  35.77  1155     4
53725 107.58  37.58  1360     8
57729 107.88  27.23   622     6
57494 114.05  30.60    23     8
57482 113.95  30.90    25     7
57278 112.08  32.00   163     1
58818 116.63  26.23   358     2
51469  87.18  43.45  1930    -5
52101  93.05  43.60  1677    -5
51241  83.60  45.93  1077   -13
51777  88.17  39.03   887     1
56548  99.28  27.17  2326     1
56991 104.33  23.62  1561     1
56533  98.67  27.75  1583     0
56985 103.38  23.38  1300     0
59209 105.83  23.42   794     4
54157 124.33  43.17   165    -2
58358 120.43  31.07    16     1
57077 111.65  33.78   742     6
56475 102.52  28.65  1659    -1
56565 101.52  27.43  2545     7
53975 112.40  35.48   659     2
54308 116.63  41.20   735     0
57297 114.05  32.13   114    -5
57573 112.90  29.83    30     4
54842 120.00  36.78    62    -2
54497 124.33  40.05    13    -2
54579 122.58  39.27    35    -2
53602 105.67  38.83  1561     1
54134 121.28  43.60   241    -5
59116 116.70  24.33    81     2
51330  81.02  44.97  1357    -5
56357 100.30  29.05  3727     6
58730 118.03  27.77   222     0
54518 116.40  39.17     8     1
54705 115.38  37.37    27    -1
53817 106.27  36.00  1753     8
57259 110.77  32.03   426    11
56137  97.17  31.15  3315     4
57503 105.12  29.62   349    -1
56374 101.97  30.05  2615     3
57922 107.55  25.83  1013     4
52955 100.73  35.58  3120    -2
57857 110.32  26.37   477     6
59254 110.08  23.40    42     5
52889 103.88  36.05  1517     1
52446  99.52  40.30  1177     0
58843 120.02  26.88    56    -3
54012 117.60  44.58  1001     8
53068 111.93  43.63   963     3
51810  77.63  38.92  1178     2
59838 108.62  19.10     7     0
59954 110.03  18.55    35    -2
58326 117.83  31.58    30     3
55299  92.07  31.48  4507    -2
56196 104.73  31.45   522     4
57251 110.42  33.00   249     5
54266 125.63  42.53   340    -1
52633  98.42  38.82  3367     8
57845 109.78  26.17   397    11
57866 111.62  26.23   172     5
56671 102.25  26.65  1787     3
59453 110.12  22.67   121     4
52681 103.08  38.63  1367    -1
53821 107.30  36.57  1255     6
59037 108.10  23.93   170     6
56074 102.08  34.00  3471     0
52674 101.97  38.23  1976     4
50888 132.18  46.32    83    -1
59271 112.43  23.63    57     2
53578 112.43  39.37  1114     0
56004  92.43  34.22  4533    -3
57731 108.25  27.95   416     4
50945 124.27  45.50   137     4
54165 125.63  43.55   219     0
54186 128.20  43.37   524     0
54286 129.00  42.53   475     1
54374 126.88  41.80   379     1
50468 127.45  50.25   166     4
59321 117.50  23.78    53     0
59855 110.47  19.23    24     2
59985 111.62  16.53     4     0
58130 117.95  33.93    23     0
53564 111.15  39.38   861     0
53646 109.78  38.27  1157     4
57046 110.08  34.48  2064    -2
57238 107.90  32.53   693     7
53651 110.47  38.82  1098     0
57106 106.15  33.32   794     5
55680  89.60  28.92  4040    -3
57355 110.37  31.03   334     4
51156  85.72  46.78  1291   -13
51358  85.82  44.28   468     6
56664 101.27  26.63  1230     0
56739  98.50  25.02  1654     1
56152 100.33  32.28  3893     3
54161 125.22  43.90   236     1
58141 118.93  33.63    12     1
59082 113.60  24.67   121     2
58918 116.42  25.05   198     0
56462 101.50  29.00  2925     0
56167 101.12  30.98  2957     1
58102 115.77  33.87    37    -2
59107 115.28  24.12   179     0
57071 112.43  34.82   333    -2
57803 106.02  27.03  1231     3
56046  99.65  33.75  3967     1
57439 108.93  30.28  1074     6
54454 120.30  40.33    29    -8
52818  94.92  36.42  2807     0
57912 106.63  26.13   990     8
54725 117.53  37.50    11    -1
57051 111.20  34.80   409     7
53336 108.52  41.57  1288     1
58606 115.92  28.60    46     2
58718 116.53  27.22   111     2
56459 101.27  27.93  2426     6
56079 102.97  33.58  3441    -3
51633  81.90  41.78  1229     2
55589  90.98  29.30  3555     5
59134 118.07  24.48   139    -1
58847 119.28  26.08    84     0
57256 110.78  32.65   286     6
56317  94.22  29.22  2950    -3
35078  68.37  51.82   304     2
36821  76.27  44.83   396   -12
36859  80.07  44.17   645    -6
36864  75.25  43.53   743   -13
38222  73.78  43.70   456   -16
29578  93.73  55.72   399    -9
41675  71.43  30.20   123     0
41764  68.42  25.38    30    -1
29759  89.28  54.33   846    -7
29866  91.70  53.72   254   -11
38334  70.30  42.48   808    -3
47936 127.68  26.20    50    -4
29023  81.95  59.85    76    19
29328  82.05  57.00   110    11
29605  76.02  55.22   112     8
30971 117.93  50.92   806     4
30978 118.38  49.83   550    10
40827  60.03  31.53  1211    -1
30844 110.47  51.37   801     7
31532 132.25  50.87   271    -1
30499 124.67  55.18   528     7
31587 128.65  49.62   114     3
31702 131.08  49.00   267    -2
43003  72.85  19.12    14    -3
43117  75.90  17.67   479    -1
42809  88.45  22.65     6     3
42895  86.93  21.52    18     1
42667  77.35  23.28   521     0
42779  81.90  22.77   625     1
38413  64.62  41.73   236    -7
38683  64.62  39.72   224     0
38927  67.32  37.28   311    -3
38687  63.60  39.08   190    -1
38886  60.52  37.38   186     0
42874  81.65  21.23   296     3
44259 114.55  48.08   747     5
44292 106.87  47.92  1729     4
44354 110.12  44.90   938     3
29276  94.73  58.17   170     2
48823 106.15  20.43     3     2
38705  67.60  39.50  1015    -3
38715  68.58  39.57  3143    -3
38851  70.30  39.00  1316    -2
41515  71.78  35.57  1465     0
41749  68.37  26.25    38     1
28493  74.38  56.90    73    10
41508  71.85  35.20  1370    -4
41523  72.35  34.73   951    -3
41700  71.78  29.40   113     2
44221  96.37  49.70  1420   -10
44254 111.62  49.03   987     0
44348 108.25  44.40  1308     8
48333 100.73  18.85   265     0
48384 102.82  16.33   166    -2
29846  86.88  53.82   309    -6
36061  87.12  52.25   326   -11
47610 138.18  36.65   419    -2
47675 139.35  34.73    75    -1
47765 132.47  34.40    54    -1
47101 127.73  37.90    78    -5
47138 129.37  36.02     3    -2
47168 127.73  34.73    65    -2
36974  76.00  41.43  2041     1
36686  76.87  46.55   349    -4
47817 129.87  32.73    35    -2
47927 125.28  24.80    41    -2
48330 100.15  18.12   162     0
36064  87.60  51.77   480    -8
44203  99.67  51.12  1583     5
44207 100.15  50.43  1668    -3
44215  91.72  49.02  1590    -6
44305 113.28  46.68   981     8
48380  99.52  16.48    81     0
29561  90.32  56.03   255    -1
28451  62.72  56.85   126    13
28756  64.87  54.47   117     6
30074 117.60  59.93   163     8
47098 127.05  37.90   110    -2
47131 127.43  36.63    58     0
47156 126.88  35.17    73     0
31909 136.60  45.00    61     3
31011 127.05  59.67   278    12
42165  73.30  28.00   224    -5
42189  79.40  28.37   169     0
42475  81.73  25.45    97     0
30669 117.48  53.07   707     7
30739 109.78  52.17   666     7
30829 106.63  51.10   556    12
29464  90.58  56.65   231     2
29576  94.30  55.82   375   -10
58968 121.52  25.03     9     2
54776 122.70  37.40    47     1
51811  77.27  38.43  1231     2
54452 119.82  40.80   365    -8
54584 122.95  39.72    34     1
59632 108.62  21.95     4     4
51704  76.17  39.72  1298     1
51705  75.25  39.72  2175    -1
51437  81.13  43.15  1851     0
58754 120.20  27.33    36    -2
54102 116.12  43.95  1003     4
58338 118.58  31.15    17     3
54429 117.95  40.20    54     3
54471 122.17  40.65     3    -7
54349 124.13  41.30   258    -1
38719  68.87  39.08  3373    -5
47090 128.55  38.25    19    -2
47152 129.32  35.55    35    -2
47162 128.43  34.83    34     0
47173 127.32  35.40    91     0
47185 126.15  33.28    75    -2
48327  98.97  18.77   314     1
44212  92.08  49.80   939     1
44232 102.70  49.38   938     5
44282 101.47  47.45  1691     1
44287 100.68  46.13  1859    -3
44341 106.28  45.77  1393     2
29771  92.08  55.35   804   -16
44352 112.37  45.73  1101     5
48352 102.73  17.85   175     0
57052 110.45  34.88   354     9
47600 136.88  37.38     6    -2
47807 130.37  33.57    15     1
47909 129.50  28.38     8     1
44217  89.52  48.28  2148   -15
44219  95.00  47.63  1391    -7
44386 109.20  43.10   995     3
47570 139.92  37.48   216    -2
47655 138.20  34.60    46     3
47815 131.62  33.23    13     2
44231 100.17  49.63  1283     5
54096 131.17  44.38   567     2
57806 105.90  26.25  1431     4
57840 109.20  26.90   401     5
57902 105.18  25.43  1378     3
52943  99.98  35.58  3323    -5
52895 104.68  36.57  1398     3
53772 112.58  37.62   776     4
53764 111.10  37.50   950     2
50834 121.22  46.60   499     1
58034 118.32  34.60    36     3
57517 106.25  29.28   261     0
35796  75.08  46.80   350    -4
35849  62.12  45.77    68     2
53877 112.25  36.17   860     4
50656 126.50  48.27   277     4
55437  81.25  30.28  3900    -1
53853 110.95  36.70  1052     3
53868 111.50  36.07   449     3
57805 105.77  26.68  1319     0
56247  99.10  30.00  2589     4
57206 105.85  32.43   513     5
58208 115.62  32.17    42     6
57536 108.78  29.53   607     5
57432 108.40  30.77   186     4
57512 106.28  29.97   230     3
55696  92.47  28.42  3860    -1
57974 112.37  25.58   214    10
54049 123.97  44.25   188     1
57671 112.37  28.85    37     4
50246 124.72  52.35   361    11
57581 113.45  29.82    27     7
54764 121.23  37.48    53     2
58737 118.32  27.05   154     0
58626 117.25  28.32    60     8
58345 119.48  31.43     5     2
54945 119.53  35.43    36     0
54493 124.78  40.72   260    -3
50745 123.92  47.38   147     7
50527 119.70  49.25   649    11
58813 116.33  26.85   143     2
58622 117.58  28.95    88     1
51087  89.52  46.98   807   -19
57554 110.17  29.40   322     8
55664  87.08  28.63  4300    -3
59293 114.73  23.80    70    -1
57996 114.25  25.08   149    -1
59072 112.37  24.80   131     5
59304 115.18  23.63   176     1
58015 116.33  34.45    44    -1
54406 115.97  40.45   487     4
58343 119.98  31.88     4     1
53854 110.07  36.58   804     3
57049 109.73  34.52   341     8
57232 108.27  33.05   484     7
53955 110.45  35.47   458     5
57124 106.93  33.63  1032     9
57134 107.98  33.52   827     7
51133  83.00  46.73   534   -14
59981 112.33  16.83     4     0
57932 108.53  25.97   285     6
57825 107.98  26.60   720     5
58921 117.35  25.97   206     0
51379  89.57  44.02   793     0
51711  78.45  40.93  1985     1
56543  99.70  27.83  3276     1
56946  99.40  23.55  1104     2
56571 102.27  27.90  1590     7
59065 111.50  24.42   148     5
54292 129.50  42.87   257     2
54863 121.18  36.78    40     2
57089 113.93  34.07    67     3
57211 106.25  32.83   836     5
58448 119.70  30.22   117     1
54311 117.77  41.97   892    -3
58225 117.67  32.53    69     0
57156 111.50  33.30   250     4
57178 112.58  33.03   129     4
58111 116.45  33.97    32     1
57359 110.73  31.35   336     6
52112  95.13  43.77   479    -3
59849 109.83  19.03   250    -1
54326 119.70  41.38   422    -7
54472 122.72  40.88    25   -11
54660 121.23  38.82    66    -8
54662 121.63  38.90    91    -5
57712 106.95  27.73   983    -1
57083 113.65  34.72   110     4
53986 113.88  35.32    73     1
59446 109.30  22.42    66     9
50983 132.97  45.77   100     4
57328 107.50  31.20   344     4
50548 123.72  49.20   286     3
53399 114.70  41.15  1393     3
53593 114.57  39.83   909    -2
53698 114.35  38.07   103    -1
54405 115.50  40.42   570    -3
54436 118.95  40.42   254    -3
53615 106.70  38.80  1101     1
53704 105.18  37.53  1225     4
53810 105.90  36.97  1339     8
54563 122.02  39.63   118    -1
29313  79.42  57.55    95     5
48846 105.90  18.35     3     1
30714 102.70  52.10   755     5
28144  60.78  58.87   125     5
28666  67.30  55.25   140     6
48863 108.78  15.13     9    -2
28655  63.32  55.23   177     7
30198 123.72  58.07   416     6
31062 137.67  59.77   383    -9
42369  80.88  26.75   124     1
29274  93.03  58.07    89     5
29282  97.45  58.38   133    -6
29477  93.27  56.48   164    -4
29570  92.75  56.03   276    -6
30230 108.07  57.77   258   -14
30521 105.17  54.80   418    -1
31174 137.53  54.83     9    14
98328 120.60  16.40  1501    -3
30054 112.58  59.45   190    -8
43198  74.62  15.85   755    -2
43201  75.63  15.42   669     0
41620  69.47  31.35  1407     1
41640  74.33  31.55   215     0
29253  89.47  58.45   133     8
29367  90.67  56.97   180     3
29467  90.52  56.28   257     1
29594  98.00  55.95   306   -19
29956  89.92  52.80   449   -11
30622 105.90  53.97   521     4
36152  78.35  50.87   149     1
42071  74.87  31.63   234     1
29418  78.35  56.33   126     5
29587  95.48  55.65   252   -14
29631  82.73  55.32   146     4
31534 131.02  50.43   273     1
31713 132.95  48.73    77     3
42647  72.63  23.07    56     0
29998  99.82  52.50  1374     2
30664 115.62  53.53   811     6
30822 105.85  51.70   467    -4
30433 109.57  55.78   479     2
30692 123.97  54.00   397     9
42309  94.12  27.23   101     0
42706  87.08  23.38    98     2
29664  90.83  55.08   325    -6
30802 100.98  51.68  1304     3
31512 127.55  50.25   132     0
31707 130.97  47.73    72     0
31825 138.40  47.60   164     1
31987 133.02  43.15   207     4
29772  93.43  54.35   479   -16
28491  72.67  56.93    87     8
28465  66.35  56.68    61    11
30127 105.73  58.23   438   -18
48825 105.77  20.97     7     2
41571  73.10  33.62   508    -1
41594  72.67  32.05   188     0
41630  73.10  31.43   184     0
48955 105.77  15.12   102     2
38598  69.82  40.27   347    -1
38713  68.98  39.90  1004    -2
38718  68.38  39.10  2204    -4
38734  70.20  39.45  2561    -6
38878  73.97  38.17  3576    -4
38957  71.60  36.72  2523     3
42724  91.25  23.88    38    -1
35969  67.07  45.25   138     1
47159 129.02  35.10    70    -2
47165 126.37  34.82    39     0
38345  72.22  42.52  1218    -4
48300  97.97  19.28   274     0
35173  69.80  51.62   305     5
29654  87.63  55.20   498    -3
36229  85.62  50.27   977   -12
29557  88.30  55.75   211     3
29915  78.65  52.97   125     9
31960 131.92  43.12   188     4
30173 119.80  59.00   198     5
31026 130.62  58.73   197     8
48329  99.03  18.55   298     1
44291 106.75  47.85  1272     1
44329  99.27  45.38  2219    -1
44338 102.17  44.70  1519     2
47604 139.05  37.92     7    -1
47624 139.05  36.40   114    -3
47636 136.95  35.17    56    -1
47651 136.52  34.73    18    -1
47741 133.05  35.45    22     0
48328  99.50  18.27   243     1
48376  99.13  16.87   126     0
44230 102.00  49.57  1235     4
44298 108.22  46.45  1286     2
44313 118.62  47.62   688     7
44336 103.90  45.45  1316     1
38439  68.00  41.37   275    -3
42339  73.02  26.30   221    -3
47800 129.30  34.20     4    -4
47895 134.57  34.07     6    -2
30741 109.97  52.77  1286    -1
29363  92.27  57.62   179     4
29698  99.03  54.88   411    -8
30439 109.75  55.12   464     0
31152 136.15  57.65   318     4
48382 103.07  16.23   154    -2
48413 101.10  15.65    69    -2
45035 113.98  22.47    35     0
29485  96.05  56.67   244   -10
29566  92.27  55.93   274    -5
29653  89.82  55.30   387     1
30337 107.62  56.32   356    -5
30603 102.05  53.93   458    -2
30612 103.07  54.00   426    -4
30627 105.53  53.10   761    -1
38328  69.70  42.32   604    -1
36003  76.93  52.30   122     3
35067  66.33  51.88   221     6
36397  81.22  49.22   455    -2
36639  81.62  47.12   491   -18
47095 127.30  38.13   155    -3
47114 127.93  37.33   150    -5
47137 128.15  36.40    97     2
47145 127.12  36.77    25     0
47171 126.85  35.55    46    -1
36870  76.93  43.23   851   -13
29937  82.77  52.52   175    -2
36034  81.18  51.57   219     3
30925 106.45  50.35   797     0
31371 126.00  52.78   209     7
31655 136.57  49.45    37     3
30372 118.27  56.90   710     8
30554 113.57  54.43   902     6
31329 132.93  53.08   542    -1
31416 136.50  52.42    70    -3
31561 137.03  50.53    21    -4
38579  67.83  40.12   343    -1
38583  68.68  40.82   263     1
28586  72.22  55.87   117     9
28696  74.58  55.03   110    10
38844  69.23  38.25  2239     0
29203  76.50  58.57    80     4
29231  82.95  58.32    75    15
29332  83.75  57.57   112    10
29638  82.95  54.90   131     3
29838  83.52  53.43   185    -3
48855 108.35  16.07     7    -1
48848 106.60  17.48     8     2
48806 103.90  21.33   676     1
59758 110.25  20.00    63     3
54226 120.70  42.33   400   -12
53845 109.45  36.58  1180     2
57034 108.22  34.25   447     3
57245 109.03  32.72   290    10
57143 109.97  33.87   742     7
51467  86.33  42.77  1732    -5
52118  94.70  43.27  1728    -1
51709  75.98  39.47  1289     0
51076  88.08  47.73   735   -16
56684 103.28  26.42  2110     3
56977 101.85  22.58  1120     1
56986 103.68  22.98  1414     0
56838  97.85  24.00   762    -1
59265 111.30  23.48   114     3
30683 121.93  53.97   521     6
31445 128.12  51.45   200     4
31725 133.83  48.62    52    10
42634  69.80  23.25   117    -1
42840  72.83  21.20    10    -3
42921  73.82  19.97   601    -6
43192  73.82  15.48    64    -1
50854 125.32  46.38   149     6
59562 121.15  22.75    10    -1
59792 116.72  20.67     6     6
42492  85.17  25.60    57     2
42971  85.83  20.25    49     1
36090  93.68  51.12  1042   -13
42933  77.03  20.70   282     1
42027  74.83  34.08  1587     2
98223 120.53  18.17     5    -1
98330 120.95  15.47    32     1
98336 122.12  16.25     4     0
54285 128.12  42.42   721    -3
58646 119.92  28.45    59     0
58760 121.15  27.83    68    -1
52679 102.67  37.92  1531     1
59087 113.52  23.88    97    -5
51495  91.73  43.22   721     5
51581  90.23  42.85   398     0
51365  87.53  44.20   440     3
51655  86.27  41.35   884     1
51059  85.87  47.43   984   -11
57910 106.08  25.77  1197     5
59294 113.83  23.33    30    -2
51716  78.57  39.80  1116     0
56492 104.60  28.80   340     1
59126 117.65  24.50    28     0
58820 117.17  26.90   342     1
59113 116.72  24.73   226     5
50618 118.27  48.22   642     5
53513 107.37  40.73  1041    -2
57595 114.50  29.60    76    10
53798 114.50  37.07    77    -3
54401 114.92  40.77   772    -1
54539 118.88  39.43    10    -1
53614 106.20  38.47  1110    -1
53910 106.20  35.67  2841    -2
54236 122.55  42.38    79    -8
54339 123.00  41.08    77    -5
56959 100.78  22.00   582     2
28382  71.18  57.68    55    10
28573  69.43  56.10    82    11
29745  86.33  54.45   225     4
50557 125.23  49.17   242     6
56146 100.00  31.62  3393     4
57710 106.40  27.80   890    -5
56793 104.47  25.72  1800     6
52707  93.68  36.80  2767    -1
57841 109.67  26.57   320     8
59626 107.97  21.53    21     5
59211 106.60  23.90   174     3
59647 109.10  21.03    55     3
59631 108.35  21.78    32     5
57896 114.50  26.33   126     3
58637 117.98  28.45   118     3
52418  94.68  40.15  1139    -4
53588 113.52  38.95  2208     2
53529 107.97  39.08  1381     3
53543 109.98  39.83  1461     2
54909 115.52  35.08    51    -1
57461 111.30  30.70   133     4
59007 105.07  24.07  1249     2
54218 118.83  42.30   668    -2
57957 110.30  25.32   164     3
57947 109.40  25.22   121     7
59046 109.40  24.35    96     5
56342  98.60  29.68  3870     3
57682 113.57  28.72   106    11
50968 127.97  45.22   189     5
53968 111.67  35.28   505     3
52657 100.25  38.18  2787     3
57906 106.08  25.18   566     2
56586 103.72  27.35  1949    -2
57411 106.10  30.78   309     4
54063 126.00  44.97   196     0
54142 123.53  43.50   114    -3
50953 126.57  45.93   118     4
57761 111.30  27.75   211     5
54334 121.25  41.52    74   -12
52765 101.62  37.38  2850     4
57799 114.92  27.05    71     4
58806 116.02  26.48   209     2
58135 118.22  33.48    16     2
54715 116.57  37.32    18     1
57067 111.03  34.05   568     6
52602  93.33  38.75  2770     3
59431 108.22  22.63   121     9
56287 103.00  29.98   627     0
54525 117.28  39.73     5     3
51238  82.07  44.90   531     0
55228  80.08  32.50  4278     1
55773  89.08  27.73  4300    -3
59658 110.30  21.15    53     2
59488 113.57  22.28    51    -1
58464 121.08  30.62     5     5
58911 116.37  25.85   310     2
98327 120.53  15.18   155     0
30650 112.78  53.20   922     5
31388 129.92  52.35   207     4
31754 137.05  48.60   402     1
30758 113.48  52.08   670     6
48307 100.87  19.40   334     1
31733 135.88  48.82    58     3
28076  69.28  59.60    56    13
28366  67.08  57.42    52    13
36325  97.52  50.60  1315     4
41710  62.75  28.82   683     0
41744  66.63  27.83  1232     2
41506  71.83  35.85  1500    -5
41697  67.88  29.55   134     2
41746  68.13  26.85    47    -1
38847  69.28  38.07   669     0
44242 105.40  49.15   748    11
44263  91.08  46.92  1951   -15
44286 104.15  47.15  1363     1
44374 101.03  43.23  1726     3
44385 107.18  43.18  1114     3
47105 128.88  37.75    27    -4
47115 130.88  37.47   224     0
38616  72.90  40.70   868     2
48407 104.87  15.25   123     2
38744  71.87  39.28  1198     0
38836  68.73  38.58   800     0
38951  71.55  37.95  1981     1
30961 115.58  50.95   639     6
44237 101.38  48.53  1509    -6
44239 103.55  48.80  1208     6
44294 107.48  47.30  1430    -3
44314 115.63  47.17   907     4
28978  68.75  52.53   398    -1
48409 104.32  15.08   129     0
29551  87.68  56.18   144     4
47102 124.62  37.95   146     1
47127 127.95  36.97   116    -4
47170 126.70  34.38    36     1
47175 126.32  34.47   477     1
29768  91.58  54.18   252   -13
31961 131.97  43.88    36     2
31016 128.50  58.63   230     8
48334  99.30  18.32   319     0
42379  83.37  26.75    77     0
30838 108.87  51.32   805     9
29892  98.82  53.95   705    -4
30710 104.32  52.27   469    -5
28766  66.97  54.37   151     8
28867  65.55  53.32   216     5
28966  66.97  52.82   227     7
35085  70.95  52.00   384     3
31989 133.90  42.90    42     1
31137 131.13  56.28   849     5
43086  79.43  18.77   160     2
43213  78.07  15.80   289     1
36535  82.37  48.75   512    -7
41660  66.88  30.25  1589    -2
29581  95.63  56.20   202   -11
29752  88.82  54.75  1188    -4
29869  92.40  53.27   297   -13
30405 101.03  55.38   422    -9
36428  84.52  49.20   401   -11
38178  64.33  43.15   236    -8
38403  62.47  41.75    97     0
30686 122.40  53.47   294     6
44214  89.93  48.93  1715   -14
44277  96.25  46.40  2181   -13
31295 125.82  53.47   363     6
40741  61.17  36.53   235    -1
42410  91.58  26.10    72     0
42701  85.32  23.32   646     4
42867  79.05  21.10   310     3
98134 121.97  20.42   167    -1
59559 120.75  22.00    24     0
55578  88.88  29.25  3836    -3
57604 105.38  28.78   368     1
57839 109.15  26.23   568     9
56093 104.02  34.43  2315     2
52996 105.02  35.38  2450    -1
52661 101.08  38.80  1765    -2
52884 103.95  36.35  1668     3
53859 110.67  36.10   851     3
54774 122.13  37.47    65     3
58215 116.78  32.43    25     3
54342 123.52  41.73    49    -6
56778 102.65  25.00  1888     3
50727 119.93  47.17   997    12
56228  96.92  30.05  3260     4
57972 113.03  25.80   184     9
57779 113.35  27.00   102     6
56080 102.90  35.00  2910     2
52546  99.83  39.37  1332     0
50963 128.73  45.97   108     1
53884 113.03  36.52   877     3
54808 115.63  36.23    37    -1
57395 114.12  31.57    74     6
58500 115.20  29.85    45     5
56251 100.32  30.93  3000     2
54476 122.15  40.17    20   -11
58362 121.45  31.40     5     3
50955 126.30  45.38   166     8
55572  89.10  29.68  4000     0
57662 111.68  29.12   150     2
57679 112.78  28.12   115     9
52876 102.83  36.33  1813    -1
57625 107.45  28.55   679     4
57907 104.90  25.08  1299     1
56693 104.87  26.58  1815     4
58150 120.25  33.77     2     3
54727 117.55  36.68   121    -4
50853 126.97  46.62   179     3
52576 101.68  39.22  1510    -6
50603 116.82  48.67   554     5
54213 119.02  42.93   634     4
52868 101.43  36.03  2237     1
52856 100.62  36.27  2835     1
56386 103.75  29.57   424    -2
56038  98.10  32.98  4200     3
56385 103.33  29.52  3047    -2
54527 117.05  39.08     3     2
51828  79.93  37.13  1375     2
56307  92.58  29.15  3260     1
59287 113.48  23.22    70    -3
59456 110.93  22.35   141     0
58543 119.02  29.62   171     1
58549 119.65  29.12    62     0
58553 120.82  30.05     6    -1
58556 120.82  29.60   104     0
54416 116.87  40.38    71     6
57447 109.47  30.28   457     1
57037 108.98  34.93   710     5
58265 121.60  32.07     3     4
50434 121.68  50.48   732     7
53362 111.68  41.53  1490     7
57048 108.72  34.40   472     1
57144 109.15  33.43   693     9
57458 110.67  30.20   619     6
57476 112.15  30.35    31     6
58936 118.70  25.37    77    -1
52313  94.67  41.53  1573     2
54528 117.13  39.23     3     0
56768 101.55  25.03  1824     4
56856 100.87  24.47  1162     2
56651 100.22  26.85  2380     5
59058 110.52  24.20   145     4
54276 126.80  42.40   570     0
58356 121.00  31.40     3     2
59478 112.78  22.25    32     0
54337 121.12  41.13    65    -6
58652 120.72  28.87    83     0
57014 105.87  34.57  1085     8
52836  98.10  36.30  3189    -2
51720  79.05  40.50  1161     0
51470  88.12  43.88  1942    -6
54353 125.05  41.73   328    -2
54365 125.35  41.28   245     0
57722 107.47  27.77   792     4
59493 114.00  22.53    63     0
50756 126.97  47.45   239     1
51639  82.78  41.23   980    -1
51642  84.27  41.82   982     1
51060  86.87  47.70   473   -12
58931 118.10  25.72  1653     3
53391 114.00  41.90  1482     1
54534 118.10  39.65    23     0
54618 116.55  38.08    13    -1
53903 105.72  35.97  1916     5
58047 119.23  34.25     4     1
52983 104.15  35.87  1874     2
