diamond  3 2014年01月06日08时地面变温                        
  14  01  06  08 1000 0 0 0
39 122.7 37.3 122.5 36.7 120.8 36.2  119.3 35.0 120.4 34.3
 121.1 32.7 122.3 30.9 122.5 30.1  121.5 28.0 119.8 25.0
 116.1 22.6 111.0 21.0 111.0 18.6  109.6 18.1 108.3 18.5
 108.9 19.9 109.3 21.0 106.4 21.6 104.1 22.2 101.6 20.8
 98.7 22.0  97.1 24.1  97.7 27.0 91.7 26.6  85.7 27.7
 78.9 30.6  73.3 37.1  74.1 40.7 87.6 49.8  98.5 43.9
 110.4 44.3 122.0 54.7 135.7 48.3 131.5 42.2 125.2 39.4
 121.3 38.5 121.2 40.3 118.5 38.6 120.8 38.1
1  1632
50915 116.97  45.52   838     4
56666 101.72  26.58  1224     3
56485 103.58  28.27  1255     4
57237 108.03  32.07   674     5
50136 122.52  52.97   433    12
58450 120.05  30.87     7     4
58666 121.90  28.45    86     1
58742 119.55  28.12   163     0
58725 117.47  27.33   218     1
58834 118.17  26.63   152     1
58424 116.97  30.62    62     3
59021 107.03  24.55   509     7
52984 103.18  35.58  1917    -1
56786 103.83  25.58  1898     2
56875 102.55  24.33  1716     4
58354 120.35  31.62     3     3
53612 106.18  37.98  1128     6
53929 107.80  35.20  1206     7
57343 109.53  31.90   995     6
58255 120.57  32.37     6     4
58259 120.98  32.08     4     4
50838 122.05  46.08   274     5
57649 109.68  28.23   254     6
57687 112.92  28.22    68     8
59278 112.45  23.03    41     3
58321 117.30  31.78    27     3
53863 111.92  37.03   743     1
58429 117.85  30.98    11     2
58531 118.28  29.72   142     1
53775 112.53  37.43   781     0
56021  95.80  34.12  4175     2
57348 109.53  31.02   299     4
57520 107.07  29.83   377     2
56331  97.83  29.67  3780    -7
56128  96.60  31.22  3810     1
57399 114.95  31.13    74     6
57655 110.40  28.47   151     9
57774 112.17  27.45   100    10
57516 106.47  29.58   259     0
57673 112.88  28.68    53     6
57780 113.17  27.87    74     8
54836 118.17  36.18   305     0
56029  96.97  33.00  3716     0
48315 100.80  19.12   236     0
48374 101.23  16.77   144    -3
48385  98.85  16.02   460     2
48390 103.58  16.32   140     1
48418 101.18  15.27    51    -3
56969 101.58  21.47   633     1
58634 118.25  28.68   116     1
59303 115.75  23.92   135     2
59754 110.18  20.33    55     3
57445 109.72  30.60   609     5
57745 109.68  27.45   272     5
58040 119.13  34.85     5     0
52203  93.52  42.82   737    -2
50442 124.12  50.40   371     6
56173 102.55  32.80  3491     7
50514 117.32  49.58   661     7
54135 122.27  43.60   178     1
58731 118.53  27.92   276     1
59298 114.37  23.07   108    -1
52825  96.43  36.43  2790    -3
50658 125.88  48.05   236     7
50978 130.92  45.30   272     3
53231 106.38  41.45  1510    -2
59280 113.08  23.72    79     0
57894 114.17  26.58   843     5
51855  85.55  38.15  1247    -3
51367  86.82  44.13   522    -1
54284 127.50  42.15   774     2
54377 126.22  41.15   225    -3
56643  98.85  25.87   949    -1
56886 103.77  24.53  1704     3
56951 100.08  23.88  1502     2
56966 101.98  23.60   400    -2
57832 108.67  26.97   626     2
54751 120.73  37.93    39     0
57502 105.70  29.70   394     0
59417 106.85  22.33   128     8
50742 124.48  47.80   162     8
57181 113.05  33.88   136     7
58005 115.67  34.45    50     3
57584 113.08  29.38    53     5
53502 105.75  39.78  1031     5
53463 111.57  40.85  1153     3
53192 114.95  44.02  1126     2
51886  90.85  38.25  2944     1
52866 101.75  36.73  2295     3
58846 119.52  26.67    32    -1
58608 115.55  28.07    30     3
54254 124.05  42.53    98    -3
54335 122.08  41.68    37    -7
54208 116.47  42.18  1245    -3
54027 119.40  43.98   486    -2
54511 116.47  39.80    31    -1
57127 107.03  33.07   509     4
57154 110.90  33.53   523     7
54929 117.97  35.27   121     3
59133 118.92  24.90    21     2
59023 108.03  24.70   260     8
59218 106.42  23.13   739     6
56434  97.47  28.65  2327     0
51747  83.67  39.00  1099     0
51644  82.97  41.72  1081     3
51730  81.27  40.55  1012     2
51463  87.65  43.78   935    -5
51186  90.38  46.67  1218   -17
57426 107.80  30.68   454     3
54243 124.12  42.78   165    -3
58221 117.30  32.85    26     1
58562 121.55  29.78     5    -1
58569 121.95  29.20   128     2
54449 119.52  39.85     2    -3
54602 115.48  38.73    16     7
54624 117.32  38.40     4     4
53478 112.45  40.00  1345     2
53446 109.88  40.53  1004     5
56067 101.48  33.43  3628    -2
58402 115.67  30.73   123     6
57358 110.97  30.83   295     4
48351 100.08  17.62    64     0
47100 128.72  37.67   773    -8
47104 128.85  37.80    80    -1
47106 129.12  37.50    41    -2
47112 126.62  37.47    69     2
47119 126.98  37.27    37     1
47130 129.40  36.98    51    -2
47146 127.15  35.82    54     0
48383 104.72  16.53   139     1
40898  60.62  25.28     8    -1
48304  99.77  19.87   401    -2
48437 103.25  15.23   184     2
47108 126.95  37.57    87     1
47133 127.37  36.37    69     0
38696  66.95  39.63   725    -1
36911  75.28  42.83   817    -4
48353 101.72  17.45   254    -1
44241 106.07  48.92   807     6
44272  96.85  47.75  1759   -12
44285 102.77  46.90  1662    -3
44358 111.90  43.73   964     2
30526 107.07  54.48   650    -4
48324  99.23  17.63   192     0
48401 100.52  15.33    93    -4
45004 114.17  22.30    66     0
45005 114.17  22.30    40     0
47740 133.33  36.20    32     2
47778 135.75  33.45    69     1
47918 124.17  24.33    14     0
38545  62.28  40.47   142     2
38911  65.20  37.83   240    -1
35699  74.82  47.45   620    -4
38856  70.88  38.47  1288     0
38944  69.38  37.48   447     0
28541  60.30  56.08   398     7
28879  69.38  53.28   229     8
35671  67.72  47.80   346    -1
35953  64.08  45.50   103    -1
36208  83.55  50.33   811    -2
38198  68.22  43.27   207    -7
29625  80.97  55.10   141     7
29822  81.27  53.82   129     8
36020  80.17  52.48   158     9
41943  91.42  23.03     8     1
28791  72.43  54.63   114    14
47065 125.77  38.52    52    -1
30385 121.50  56.58   425     8
44216  93.10  48.82  1051    -3
44325  96.77  44.93  1182    -5
29636  84.38  55.22   172     5
47025 129.20  40.67    23    -2
47035 124.38  40.10     7    -2
47891 134.05  34.32    14    -1
31054 135.15  59.18   212    -3
31873 133.73  45.87   104     9
31005 126.27  58.97   283    11
44373 104.42  43.58  1465     3
29122  80.83  59.05    57     0
30673 119.73  53.75   624    14
30823 107.60  51.83   514     5
31168 138.15  56.45     7     4
30695 123.90  53.47   265     9
31253 128.87  54.72   364     5
31527 129.47  50.12   239     8
29974  93.23  52.80  1398   -14
42101  76.47  30.33   252    -1
36083  92.17  52.05   576    -4
48350 101.72  17.40   263     0
48921 101.88  21.63  1360     3
48930 102.13  19.88   305     0
48944 102.63  18.28   185     2
48952 106.43  15.68   180     2
98325 120.35  16.08     2     0
42675  79.95  23.20   398     1
42754  75.80  22.72   567    -3
43041  82.03  19.08   554     2
31878 133.50  45.10    97     1
43189  82.23  16.95     7    -1
42571  80.83  24.57   316     0
36278  90.42  50.37  1850    -7
54843 119.20  36.75    22    -5
30455 113.62  55.48  1096    -2
30846 112.47  51.35   743    12
42798  86.18  22.82   143     3
29662  91.62  55.38   321     2
30309 101.75  56.28   416   -16
29481  95.22  56.82   188    -1
29571  92.73  56.07   234     2
29789  96.97  54.22   984   -13
30703 101.98  52.97   543   -12
48018  96.33  24.17    95     1
48077  95.22  18.80    60    -1
48030  93.62  22.65  1865     3
48099  97.67  16.75    10     2
28367  65.43  57.12   101    14
28797  72.97  54.20   124    13
42348  75.80  26.82   390    -1
59158 120.68  24.15    78     2
59567 121.55  22.03   325     0
58236 118.25  32.35    33     2
41712  64.40  28.88   850    -2
41718  70.68  28.65    88     0
53740 109.23  37.93  1111     4
53487 113.42  40.08  1052    -2
51701  75.40  40.52  3504    -2
51628  80.23  41.17  1103     0
50948 124.02  45.00   146     4
57827 107.53  26.32   969     3
54363 125.90  41.68   402    -2
54260 125.08  42.92   252     0
56751 100.18  25.70  1990     2
57606 106.83  28.13   972    -3
52908  93.08  35.22  4612     1
54826 117.10  36.25  1533    -1
57993 115.00  25.87   137     6
56109  93.78  31.48  3940     2
54171 126.52  43.70   229     0
54195 129.78  43.30   244     0
57669 111.22  28.38   128     8
57562 111.37  29.58   116     6
58507 115.12  29.25   116    10
53480 113.07  41.03  1419     0
52737  97.38  37.37  2981    -2
52713  95.35  37.85  3173     6
45007 113.92  22.30     7     2
48377  99.00  17.23   144    -2
58319 116.95  31.07    85     4
58252 119.47  32.18    27     3
54753 120.33  37.63     4    -3
58557 120.08  29.33    90     0
58633 118.90  29.00    82     2
58667 121.27  28.08    95     2
58419 117.02  30.10    17     4
51346  84.67  44.43   478    -1
51567  86.57  42.08  1055    -1
59673 112.77  21.73    21     2
59117 116.07  24.28   116     3
56954  99.93  22.57  1054     2
58038 118.78  34.08    10     2
53723 107.38  37.80  1349    12
53806 105.65  36.57  1854     1
57003 106.83  34.90   924     6
57025 107.38  34.52   781     2
57028 107.32  34.03  1543     4
57030 108.15  34.70   994     2
54857 120.33  36.07    76    -5
50564 127.35  49.43   234    12
50758 125.90  47.18   246    -3
58744 119.42  27.45   815    -1
58927 117.02  25.05   376     1
57265 111.73  32.43   132     5
52787 102.87  37.20  3045    -4
57285 113.42  32.38   153     6
59242 109.23  23.75    84     9
56227  95.77  29.87  2736    -2
51288  90.53  45.37  1653   -12
51243  84.85  45.62   449    -2
51431  81.33  43.95   662    -7
51839  82.72  37.07  1409     2
54333 122.85  41.97    30    -5
58026 118.02  34.40    25     2
58314 116.32  31.40    86     1
58336 118.57  31.70    80     2
58414 116.32  30.43   105     3
58436 118.98  30.62    87     2
58467 121.27  30.20     4     2
58752 120.65  27.78    39    -1
54423 117.92  40.97   422     1
58122 116.98  33.63    25     2
56792 104.97  25.78  1649     0
59096 114.48  24.37   214     3
53882 113.07  36.05   991     0
53959 111.05  35.05   365     8
54523 117.02  39.38     4     1
56033  98.22  34.92  4272    -3
52323  97.03  41.80  1770    -6
52436  97.03  40.27  1526     1
59306 115.85  23.45    80     0
53594 114.18  39.45   938    -4
53787 112.98  37.07  1041     1
53963 111.37  35.65   433     5
56178 102.35  31.00  2438     0
57749 110.00  27.57   257     5
54064 125.15  44.38   170     7
59088 113.42  24.18    74     3
58027 117.15  34.28    41     1
58238 118.90  31.93    35     3
50739 123.18  47.33   190     0
57306 105.97  31.58   382     2
57405 105.55  30.50   355     2
57608 105.43  28.17   377     2
54455 120.65  40.62    20    -8
52495 104.80  40.17  1323     3
57091 114.30  34.78    73     0
58933 118.98  26.92   869     2
50950 125.25  45.70   148     5
57483 113.13  30.67    31     6
48354 102.80  17.37   178     0
48400 100.12  15.67    35    -2
47097 127.48  37.25    79    -1
47150 126.55  36.32    16     2
47174 127.23  35.07    75    -3
47189 126.55  33.23    50    -1
38613  72.95  40.92   765     1
48402 100.18  15.15    16     0
48325  97.93  18.17   213     1
38565  65.68  40.55   484    -1
38611  71.58  41.00   474    -1
38618  71.75  40.38   577     1
38812  65.72  38.75   375    -2
48356 104.13  17.15   172     0
48381 102.78  16.45   193     1
48386 100.37  16.33    39    -1
48387  98.93  16.75   867    -1
47184 126.52  33.50    21    -2
45045 114.30  22.17    60    -1
29874  92.88  53.58   319   -11
44265  91.47  46.12  1186   -12
48372  99.80  17.10    50     0
28588  71.37  55.57   126    10
47037 125.25  39.98    99    -3
30781 120.03  52.75   374     6
30777 117.70  52.23   525    13
29393  99.53  57.65   220    -8
44224  96.02  48.77  1928   -27
44266  93.90  46.32  2222   -15
44288 102.78  46.27  1813    -2
29726  81.88  54.37   132     6
36259  88.67  50.00  1760    -8
47069 125.70  38.03    81     2
47605 136.63  36.58    33    -1
47746 134.23  35.48    15     0
47750 135.32  35.45    22    -4
47772 135.52  34.68    83    -1
30745 111.55  52.53   951     4
30975 119.07  50.33   521     9
29068  90.92  59.50    66    11
29263  92.20  58.45    78     7
29456  89.32  56.53   205     4
29563  92.20  56.12   478     2
30157 112.87  58.32   224    -1
29374  93.25  57.67    92     4
29676  94.90  55.27   337    -1
30504 100.63  54.60   522   -14
36307  95.17  50.25  1100    -7
43014  75.40  19.85   585    -2
28044  60.53  59.60   130     4
29348  86.22  57.07   114     9
29524  80.05  55.85   128     4
29645  86.22  55.25   148     2
36096  94.48  51.70   632    -2
31538 132.13  50.07   347     3
38806  64.37  38.47   212    -4
38987  62.35  35.28   625     0
38599  69.73  40.22   427     0
28952  63.62  53.22   170     5
29802  76.53  53.82   114    12
35188  71.37  51.13   350     6
35357  69.52  49.68   349     1
38062  65.50  44.85   130     2
38343  72.75  42.95   683   -10
56106  93.78  31.88  4022     1
42587  84.07  24.05   221     4
31845 135.32  46.53   129     0
31921 132.07  44.72    77     3
31969 130.80  42.65    39     4
36087  91.50  51.20   724    -4
59358 120.22  23.00    14     2
43110  73.33  16.98    91     0
36103  96.12  52.47   919   -12
31418 135.80  52.28   201     0
42182  77.20  28.58   216    -1
31489 136.80  51.20    91    -2
30089 121.77  59.02   175     1
31004 125.37  58.62   679     4
36092  93.90  52.13   852    -6
48062  92.88  20.13     5     1
48080  94.35  18.47    11    -1
48103  97.62  16.50    22     1
38846  69.98  38.37  1468     1
42415  92.78  26.62    91     1
42623  93.90  24.77   774     1
28593  74.63  56.10    77     9
28786  71.75  54.37   124    12
28064  65.72  59.63    72    11
41756  61.80  25.07    57    -2
41535  73.25  34.18  1309     0
41678  73.25  29.95   163    -1
41685  69.72  29.88  1098    -1
54823 117.00  36.60   170    -1
57741 109.18  27.72   282     3
53915 106.67  35.55  1346     6
58437 118.15  30.13  1840    -1
52754 100.13  37.33  3301     5
50877 129.58  46.30   100    10
56964 100.97  22.78  1302     2
56223  95.83  30.75  3640    -6
54623 117.72  39.05     4     2
57583 113.97  29.92    61     8
57381 113.33  31.62   116     9
52533  98.48  39.77  1477     1
52986 103.87  35.37  1893     0
56187 103.87  30.75   547    -1
54273 126.75  42.98   263    -3
57793 114.38  27.80   131     9
58519 116.68  29.00    40     3
58138 118.52  32.98    40     1
54041 123.07  44.80   150     6
51542  84.15  43.03  2458     6
51765  87.70  40.63   846     2
51573  89.20  42.93    34     2
51334  82.90  44.60   318   -10
54744 118.55  37.58     8    -2
57612 106.65  29.00   474     1
55472  88.63  30.95  4672     1
50247 123.57  52.03   514    15
56479 102.85  28.00  2132     4
57647 109.18  28.15   406     4
58203 115.73  32.87    32     7
54916 116.85  35.57    51     3
56182 103.60  32.67  2881     7
56257 100.27  30.00  3948    -3
50349 124.40  51.67   501    13
58472 122.45  30.73    79     4
58926 117.42  25.30   205     1
58118 116.52  33.27    26     5
58311 116.50  31.73    74     4
51526  88.22  42.23   922    -2
55294  91.10  32.35  4800    -7
59097 114.20  24.05   198     4
56444  98.92  28.48  3319     3
56763 101.87  25.73  1120     2
58158 120.48  33.20     3     3
53519 106.77  39.22  1092     5
53705 105.68  37.48  1183     9
53735 108.80  37.62  1336     9
54259 124.92  42.10   237    -4
54351 124.08  41.92   118    -5
52378 102.37  41.37   960     7
53948 109.58  34.95   499     8
52974 102.02  35.52  2491     0
52645  99.58  38.42  3320     6
56065 101.60  34.73  3500    -3
58944 119.78  25.52    32     0
58837 118.15  26.17   137     1
57378 112.57  31.17    65     3
58407 115.03  30.23    32     8
59316 116.68  23.40     2     1
59663 111.97  21.83    89     2
59289 113.73  22.97    56     1
59664 110.98  21.53    31     3
55655  85.97  28.18  3810    -3
51053  86.40  48.05   532    -8
51232  82.57  45.18   336   -10
51477  88.32  43.35  1103    -3
51068  87.47  47.12   500    -8
54346 123.78  41.32   185    -2
54486 123.28  40.28    79    -2
58520 117.72  29.85   142     3
58665 121.42  28.62     4     0
54606 115.73  38.23    19     1
58527 117.20  29.30    61     4
57642 109.63  28.70   325     6
45011 113.55  22.15   114     2
50844 123.45  46.40   138    11
56018  95.28  32.88  4066     2
56151 100.75  32.93  3530     3
55493  91.10  30.48  4200    -8
53664 111.13  38.47  1012     3
53663 111.82  38.92  1401     0
56034  97.13  33.80  4415    -1
57633 108.77  28.82   826     2
55279  90.02  31.38  4700    -4
55681  90.40  28.97  4431    -2
48303  99.87  19.95   393    -1
48379 101.15  16.43   116    -1
47099 126.75  37.88    30     0
47121 128.45  37.17   241    -5
47135 127.98  36.22   245    -2
47140 126.75  36.00    24     1
47172 126.58  35.33    56     0
48403 102.02  15.80   184    -2
52267 101.07  41.95   940     0
57290 114.02  33.00    82     4
52797 104.05  37.18  1630    -1
50353 126.63  51.73   173    10
52833  98.48  36.93  2950     1
50632 121.92  48.77   739    -1
57279 112.75  32.15   125     0
59317 116.30  23.03    14     1
57131 108.97  34.43   410     6
57313 106.77  31.87   417     3
53687 113.63  37.78   753    -1
51804  75.23  37.77  3090     1
57193 114.52  33.78    52     0
50936 122.83  45.63   155     5
54263 126.05  42.97   336    -4
59102 115.65  24.95   303     4
50862 127.98  46.98   206     5
57776 112.70  27.30  1265     1
57872 112.60  26.90   104     7
57916 106.77  25.43   440     3
59845 109.58  19.52   169     1
59948 109.58  18.22   419     1
53195 113.63  43.85  1036     6
53352 110.43  41.70  1376     6
56043 100.23  34.48  3719    -3
59092 114.82  24.92   206     5
54237 121.75  42.07   167    -4
57853 110.63  26.73   341     6
56144  98.58  31.80  3184     3
55248  84.42  32.15  4414    -3
48331 100.75  18.77   201     0
48378 100.27  16.78    45    -1
40878  62.33  27.33  1195     4
48355 104.05  17.12   192     1
38353  74.53  42.85   760    -8
45039 114.20  22.40    12     3
45044 114.02  22.20    79     0
29580  95.27  56.17   357     1
47827 130.53  31.55    31     0
47893 133.55  33.57     5    -2
47945 131.23  25.83    20    -1
44218  91.57  48.02  1405   -11
44275  98.08  46.83  2255   -12
44284 100.13  46.70  2126    -6
44302 112.12  47.78   926     8
44347 105.32  44.42  1298     1
38457  69.30  41.33   477     0
48404 103.60  16.07   155     1
48830 106.77  21.83   263     8
47058 125.78  39.03    36     0
31123 130.90  57.77   254     7
40829  61.48  31.05   489    -2
28383  72.40  57.52    66    12
28688  71.27  54.93   126    10
47003 130.40  42.32     3     1
47067 126.53  38.50    97    -1
47068 124.88  38.15     6     3
30636 109.63  53.62   488    -3
31594 130.08  49.42   134     7
48840 105.78  19.75     5     4
44243 106.67  49.75   676    13
28049  62.33  59.43   130     5
29602  76.75  55.30   111    11
29724  80.47  54.33   160     9
29923  82.33  53.07   219     6
29939  84.92  52.67   225     0
36021  79.18  52.25   142    10
36058  86.02  51.38   419    -7
48845 105.68  18.67     6     1
38462  70.37  41.90  1255    -5
43128  78.47  17.45   535     1
36091  93.00  52.25   662    -6
44304 110.63  47.32  1033     3
29430  84.92  56.50   139     7
29736  84.20  54.33   198     3
30879 119.62  51.32   619    13
30949 111.97  49.57   907     9
30965 116.52  50.40   675     2
31285 134.42  54.50    61     7
31300 127.27  53.73   230     6
31484 135.08  51.42   268     5
38915  66.02  37.52   265     3
38974  61.22  36.53   275    -2
38725  69.67  39.43  2234    -5
38933  68.78  37.82   427    -1
28255  63.68  58.05   102     8
28645  61.30  55.15   236    10
28748  61.62  54.08   192     3
35497  72.87  48.85   656     5
35746  61.65  46.78    62     3
38341  71.38  42.85   655    -6
31915 131.38  44.40   211     7
31981 133.07  43.97   187     1
42314  95.02  27.48   111     0
28165  66.08  58.72    81    10
28481  70.62  56.82    78    13
29558  89.20  55.53   318     7
48075  97.22  19.68   894     1
30731 108.28  52.98   491    -1
30764 115.17  52.65   645     2
30859 114.52  51.10   681     4
30862 116.03  51.87   597     3
42886  84.08  21.92   230     4
30252 114.02  57.82   249    -4
30815 103.60  51.53  1442   -20
29562  91.67  56.10   331     3
29674  93.38  55.12   458    -3
29766  92.15  54.35   281   -10
43063  73.85  18.53   558    -2
31521 129.33  50.78   230     9
29876  94.20  53.68   446   -17
31832 134.27  46.80    67    -3
31959 135.85  44.37    33     1
30493 124.88  55.97   860     5
36104  95.57  51.47   705   -16
48946 104.65  17.38   152     2
48948 105.00  16.67   185    -1
41529  71.93  34.03   329    -2
41598  73.72  32.93   234     0
41768  69.78  25.52     6    -2
41600  74.53  32.50   256    -1
41759  63.48  25.27     6     0
59209 105.83  23.42   794     3
53083 114.15  44.62  1181     3
56565 101.52  27.43  2545     5
56475 102.52  28.65  1659     5
56188 103.67  31.00   698    -1
50774 128.83  47.70   264     3
50873 130.30  46.78    82     7
54026 120.90  44.57   265     1
50425 120.18  50.25   581     5
59116 116.70  24.33    81     3
53975 112.40  35.48   659     4
51433  82.52  43.80  1105    -5
54157 124.33  43.17   165     1
54181 127.33  43.70   295     0
56533  98.67  27.75  1583     1
56985 103.38  23.38  1300     1
57729 107.88  27.23   622     1
56172 102.23  31.90  2664     2
56312  94.33  29.67  2991    -3
55690  91.95  27.98  4280    -8
59644 109.13  21.45    12     6
57766 111.45  27.18   311     6
57874 112.40  26.42   116     7
57965 111.60  25.53   192     8
57816 106.73  26.58  1223    -3
57718 106.73  27.10  1038    -2
53923 107.63  35.73  1421     1
57545 109.42  29.53   502     5
57598 114.58  29.03   146     7
58506 115.98  29.58  1164     2
57696 114.78  28.40    91     6
53276 112.90  42.40  1150     8
54115 118.03  43.63   825     2
56691 104.28  26.87  2237    -4
48416 103.67  15.30   129     0
58457 120.17  30.23    41     1
58477 122.10  30.03    35     2
54308 116.63  41.20   735    -4
59228 107.58  23.32   108     6
51241  83.60  45.93  1077   -12
57278 112.08  32.00   163     2
59462 111.60  22.70    60     4
59485 113.40  22.50    33     2
56548  99.28  27.17  2326     1
56991 104.33  23.62  1561     1
58241 119.45  32.80     5     0
58251 120.28  32.85     3     4
57077 111.65  33.78   742     7
53817 106.27  36.00  1753     6
53738 108.17  36.92  1331    10
54324 120.43  41.55   174    -7
53602 105.67  38.83  1561    -1
53149 110.13  42.53  1225     6
53725 107.58  37.58  1360    12
53754 110.22  37.50   929     4
53942 109.42  35.77  1155    10
58730 118.03  27.77   222     1
58734 118.12  27.33   196     0
57494 114.05  30.60    23    10
59501 115.37  22.80    16    -1
53898 114.40  36.05    62     0
57614 106.22  28.33  1180    -5
56202  93.28  30.67  4488     1
51656  86.13  41.75   931     3
54497 124.33  40.05    13    -1
54579 122.58  39.27    35    -2
58358 120.43  31.07    16     1
58143 119.85  33.80     4     3
54518 116.40  39.17     8     6
54705 115.38  37.37    27     0
52447  98.88  40.00  1270    -2
56096 104.92  33.40  1079     4
57707 105.28  27.30  1510    -1
55585  90.17  29.43  3809    -1
59324 117.03  23.43     7     1
58705 115.42  27.33    85     6
57523 107.73  29.85   290     2
50973 130.60  45.75   234     3
58715 116.65  27.58    80     3
57758 110.58  27.07   323     7
52424  95.78  40.53  1170     3
52652 100.28  39.08  1461    -2
53673 112.72  38.73   828    -2
53490 114.05  40.43  1014    -2
56125  96.47  32.20  3643     4
56116  95.60  31.42  3873     2
57493 114.33  30.35    73     6
57573 112.90  29.83    30     5
57889 113.95  26.08   835     8
57574 112.40  29.37    36     3
50949 124.87  45.08   136     7
54386 128.18  41.42   775     2
57789 113.95  27.13   194     6
54470 122.07  41.02     5    -9
56748  99.18  25.12  1652     2
51469  87.18  43.45  1930    -4
52101  93.05  43.60  1677    -5
51777  88.17  39.03   887     3
51330  81.02  44.97  1357    -5
54842 120.00  36.78    62    -3
57482 113.95  30.90    25     5
50788 131.98  47.23    66     4
58600 115.37  28.87    78     4
56357 100.30  29.05  3727     4
57926 107.88  25.42   428     7
50639 122.73  48.00   306     2
57297 114.05  32.13   114     0
58818 116.63  26.23   358     4
54094 129.60  44.57   241     1
47129 126.48  36.77    30     2
47136 128.70  36.57   141    -4
47143 128.62  35.88    65    -3
47154 128.32  36.12    50    -1
47155 128.57  35.17    38    -1
47157 127.90  35.67   222     1
47169 125.45  34.68    77     0
47188 126.87  33.38    19     1
47192 128.03  35.15    31    -1
36982  78.23  41.88  3639     0
48357 104.78  17.42   147     1
48405 103.65  16.05   142     1
38396  60.63  41.57   100    -5
48802 103.82  22.35  1581     1
48803 103.97  22.50    97     0
48810 105.83  22.15   176     6
48831 105.83  21.60    32     5
40856  60.88  29.47  1370     0
40879  60.70  27.20   591     2
48373  99.85  17.15    54     0
48408 105.03  15.23   130     1
47005 128.30  41.82  1381     0
47046 128.18  40.03    19    -4
47061 128.18  38.73    34    -3
31478 133.98  52.27   902     2
47662 139.77  35.68    36    -1
47678 139.77  33.12   156    -1
47843 128.83  32.70    26    -1
44213  94.40  49.65  1232    -2
44225  98.20  48.73  1723    -8
44256 114.40  49.55   705     9
44317 115.37  45.90  1076     7
30637 107.73  53.32   461   -10
48358 104.78  17.43   153     0
45032 114.15  22.52    14     6
31041 133.03  59.63   179     8
31102 125.97  57.65  1204     1
30323 105.80  56.80   325   -16
38895  62.18  37.60   240    -3
28984  70.22  52.95   395    10
38954  71.50  37.50  2075    -2
28440  60.63  56.83   281     7
28661  65.42  55.45    73     9
29612  78.30  55.35   119     8
28676  69.12  54.78   101     9
29807  75.45  53.35    94    11
35394  73.15  49.80   553     5
36177  80.30  50.42   196     3
38069  66.75  44.17   153    -6
38196  68.90  43.55   822    -2
48839 107.72  20.13    56     2
48310  99.88  19.18   398     0
28240  60.07  57.88   260     6
29706  77.30  54.38   116    11
30635 109.02  53.42   460     5
30935 108.75  50.37   770    11
31735 135.18  48.52    76     1
38799  62.80  38.08   185    -4
48852 107.58  16.43     9    -2
44229  99.88  48.15  2055    -3
44257 110.57  48.62  1050    12
28552  63.65  56.07    89    11
29111  78.23  59.22    69    -2
36022  80.33  52.02   208     8
36038  82.17  51.15   354     4
47008 129.82  41.78    43     0
47830 131.40  31.93    15    -2
47887 132.78  33.85    34    -1
30957 113.27  50.27   732    10
98232 121.62  18.35     3     0
54134 121.28  43.60   241    -1
42591  84.95  24.75   116     1
29379  94.55  57.20   164     1
30028 106.17  59.28   351   -20
30328 105.83  56.05   338   -11
29471  93.17  56.88   179     1
29553  89.55  56.22   290     4
29864  90.37  53.72   525    -7
42737  70.78  22.30   138    -1
31442 127.65  51.98   280    11
42131  75.73  29.17   210    -5
42328  70.92  26.90   257     2
42452  75.85  25.15   279    -3
30393 124.87  56.83   858     7
48940 102.57  17.95   171     1
42559  77.32  24.65   481    -4
43150  83.30  17.68    69     0
43185  81.15  16.20     9    -1
36073  90.78  52.27   716   -15
36078  90.20  51.00   983   -11
48078  96.47  18.92    49     0
58974 122.07  25.63   102     2
28097  73.28  59.58    60     6
28799  74.80  54.17   114    14
28698  73.38  55.02   122    11
36231  86.13  50.73   833   -11
41624  70.92  31.82   173     1
41715  68.47  28.30    56     0
41573  73.38  33.92  2127    -1
41725  68.90  27.67    68     3
41785  68.90  24.63    11    -1
50888 132.18  46.32    83     7
52633  98.42  38.82  3367     4
59453 110.12  22.67   121     7
59107 115.28  24.12   179     1
53578 112.43  39.37  1114    -1
57256 110.78  32.65   286     6
56671 102.25  26.65  1787     2
57845 109.78  26.17   397    10
56074 102.08  34.00  3471    -4
52889 103.88  36.05  1517     2
52681 103.08  38.63  1367     6
53821 107.30  36.57  1255     9
59271 112.43  23.63    57     6
59037 108.10  23.93   170     6
58326 117.83  31.58    30     3
56004  92.43  34.22  4533    -1
57731 108.25  27.95   416     2
56137  97.17  31.15  3315     3
57259 110.77  32.03   426    10
57251 110.42  33.00   249     7
56374 101.97  30.05  2615     1
57503 105.12  29.62   349    -1
58843 120.02  26.88    56     3
52674 101.97  38.23  1976     6
52446  99.52  40.30  1177    -3
50945 124.27  45.50   137     4
54186 128.20  43.37   524     1
54266 125.63  42.53   340    -2
54286 129.00  42.53   475     1
54374 126.88  41.80   379    -2
56462 101.50  29.00  2925     1
56459 101.27  27.93  2426     6
56167 101.12  30.98  2957     1
56079 102.97  33.58  3441    -1
58338 118.58  31.15    17     6
59632 108.62  21.95     4     7
51931  81.65  36.85  1422     0
56046  99.65  33.75  3967    -5
57238 107.90  32.53   693     7
54471 122.17  40.65     3    -3
54349 124.13  41.30   258    -5
53646 109.78  38.27  1157     8
53651 110.47  38.82  1098     1
57046 110.08  34.48  2064    -3
54725 117.53  37.50    11     0
54776 122.70  37.40    47     0
52818  94.92  36.42  2807    -1
58754 120.20  27.33    36    -1
59321 117.50  23.78    53     1
56152 100.33  32.28  3893     2
57439 108.93  30.28  1074     5
59082 113.60  24.67   121     5
57803 106.02  27.03  1231     0
51437  81.13  43.15  1851    -1
51705  75.25  39.72  2175     2
54584 122.95  39.72    34     1
58141 118.93  33.63    12     1
58102 115.77  33.87    37     2
54429 117.95  40.20    54     5
58606 115.92  28.60    46     3
58718 116.53  27.22   111     3
57857 110.32  26.37   477     6
57752 110.60  27.92   204     7
57866 111.62  26.23   172     6
59954 110.03  18.55    35    -3
59838 108.62  19.10     7    -1
54012 117.60  44.58  1001     5
51810  77.63  38.92  1178     0
53068 111.93  43.63   963     4
57922 107.55  25.83  1013     2
54454 120.30  40.33    29    -6
59254 110.08  23.40    42     7
56196 104.73  31.45   522     2
56317  94.22  29.22  2950    -2
52955 100.73  35.58  3120     0
48380  99.52  16.48    81     0
54646 118.42  38.45    30    -1
54452 119.82  40.80   365    -1
58130 117.95  33.93    23     2
56664 101.27  26.63  1230     0
51633  81.90  41.78  1229     1
51704  76.17  39.72  1298    -3
51156  85.72  46.78  1291    -9
51811  77.27  38.43  1231     3
51358  85.82  44.28   468     1
59985 111.62  16.53     4     1
53564 111.15  39.38   861     0
50468 127.45  50.25   166     9
57912 106.63  26.13   990     1
54102 116.12  43.95  1003     4
53336 108.52  41.57  1288     3
57051 111.20  34.80   409     7
59134 118.07  24.48   139     1
58847 119.28  26.08    84     1
57355 110.37  31.03   334     5
57106 106.15  33.32   794     7
55589  90.98  29.30  3555     4
57071 112.43  34.82   333     1
58918 116.42  25.05   198     1
54161 125.22  43.90   236     4
54165 125.63  43.55   219     1
59855 110.47  19.23    24     1
56739  98.50  25.02  1654     0
55680  89.60  28.92  4040     0
55299  92.07  31.48  4507    -3
48330 100.15  18.12   162     0
47098 127.05  37.90   110    -2
47131 127.43  36.63    58     1
47156 126.88  35.17    73     0
36974  76.00  41.43  2041     2
48333 100.73  18.85   265    -1
48384 102.82  16.33   166     0
48823 106.15  20.43     3     4
40827  60.03  31.53  1211     1
47101 127.73  37.90    78    -4
47138 129.37  36.02     3    -2
47168 127.73  34.73    65    -1
38413  64.62  41.73   236    -8
38683  64.62  39.72   224     3
38927  67.32  37.28   311    -1
47028 124.93  40.45    76    -5
47039 126.25  40.17   155    -3
44354 110.12  44.90   938     4
47936 127.68  26.20    50    -1
44203  99.67  51.12  1583    -7
44207 100.15  50.43  1668    -6
44215  91.72  49.02  1590   -12
44305 113.28  46.68   981     3
38687  63.60  39.08   190     0
38886  60.52  37.38   186     0
36686  76.87  46.55   349    -7
38715  68.58  39.57  3143    -2
38719  68.87  39.08  3373    -8
29846  86.88  53.82   309    -5
36061  87.12  52.25   326   -10
35078  68.37  51.82   304     3
36821  76.27  44.83   396    -7
36859  80.07  44.17   645   -10
30844 110.47  51.37   801    14
31532 132.25  50.87   271     2
38705  67.60  39.50  1015    -5
44221  96.37  49.70  1420   -11
44254 111.62  49.03   987     3
44348 108.25  44.40  1308     0
36064  87.60  51.77   480    -2
47014 126.88  41.78   331    -4
47055 127.43  39.18    36    -2
47610 138.18  36.65   419    -3
47675 139.35  34.73    75     1
47765 132.47  34.40    54    -1
47817 129.87  32.73    35    -2
47927 125.28  24.80    41    -1
30074 117.60  59.93   163     1
31909 136.60  45.00    61     2
31011 127.05  59.67   278    12
44259 114.55  48.08   747     6
44292 106.87  47.92  1729     5
29023  81.95  59.85    76     1
29328  82.05  57.00   110    10
29605  76.02  55.22   112    12
30978 118.38  49.83   550     7
30669 117.48  53.07   707     4
30739 109.78  52.17   666     6
30829 106.63  51.10   556    10
42809  88.45  22.65     6     4
42895  86.93  21.52    18     1
29464  90.58  56.65   231     3
29576  94.30  55.82   375     1
29561  90.32  56.03   255     3
29759  89.28  54.33   846     0
29866  91.70  53.72   254   -13
43003  72.85  19.12    14    -5
43117  75.90  17.67   479     1
30499 124.67  55.18   528     4
31587 128.65  49.62   114     8
31702 131.08  49.00   267     4
42667  77.35  23.28   521    -3
42779  81.90  22.77   625     1
42874  81.65  21.23   296     3
31939 133.87  44.15   258     1
38222  73.78  43.70   456   -18
38334  70.30  42.48   808    -4
48826 106.63  20.80   116     4
28451  62.72  56.85   126    11
28756  64.87  54.47   117     3
30971 117.93  50.92   806     8
38851  70.30  39.00  1316    -3
48010  94.92  24.87   131     1
48025  94.30  23.20   109    -2
48042  96.10  21.98    76     1
48048  94.92  21.20    55     0
48094  94.77  16.77    10     0
28493  74.38  56.90    73     8
58968 121.52  25.03     9     3
42165  73.30  28.00   224    -2
42189  79.40  28.37   169    -1
29578  93.73  55.72   399     1
36864  75.25  43.53   743   -12
29276  94.73  58.17   170     5
41675  71.43  30.20   123     1
41764  68.42  25.38    30    -1
41508  71.85  35.20  1370    -5
41523  72.35  34.73   951    -3
41700  71.78  29.40   113     3
41515  71.78  35.57  1465    -1
41749  68.37  26.25    38     0
29059  89.28  59.43   102    14
54436 118.95  40.42   254     3
58813 116.33  26.85   143     3
57974 112.37  25.58   214    15
58208 115.62  32.17    42     6
57805 105.77  26.68  1319    -4
55437  81.25  30.28  3900    -1
56247  99.10  30.00  2589    -2
57206 105.85  32.43   513     3
57052 110.45  34.88   354     8
53868 111.50  36.07   449     4
53772 112.58  37.62   776     3
53764 111.10  37.50   950     4
50246 124.72  52.35   361    13
54096 131.17  44.38   567     4
57512 106.28  29.97   230     1
57432 108.40  30.77   186     4
57517 106.25  29.28   261     0
54764 121.23  37.48    53     0
52895 104.68  36.57  1398     4
53877 112.25  36.17   860     8
53853 110.95  36.70  1052     5
57536 108.78  29.53   607     5
57581 113.45  29.82    27     7
52112  95.13  43.77   479    -2
58034 118.32  34.60    36     2
54945 119.53  35.43    36     0
59981 112.33  16.83     4     0
55664  87.08  28.63  4300    -4
50745 123.92  47.38   147    11
57328 107.50  31.20   344     2
57712 106.95  27.73   983    -4
54311 117.77  41.97   892    -4
51711  78.45  40.93  1985    -5
51379  89.57  44.02   793     0
56543  99.70  27.83  3276     0
56946  99.40  23.55  1104     1
53615 106.70  38.80  1101     7
53704 105.18  37.53  1225    10
53810 105.90  36.97  1339     9
57049 109.73  34.52   341     9
58343 119.98  31.88     4     1
54563 122.02  39.63   118     0
50527 119.70  49.25   649     4
53854 110.07  36.58   804     7
57134 107.98  33.52   827     6
57211 106.25  32.83   836     3
57232 108.27  33.05   484     9
54863 121.18  36.78    40    -1
50983 132.97  45.77   100     6
58921 117.35  25.97   206     2
59072 112.37  24.80   131     8
59293 114.73  23.80    70     2
57996 114.25  25.08   149     6
59304 115.18  23.63   176     2
57083 113.65  34.72   110     3
53986 113.88  35.32    73     0
59065 111.50  24.42   148     9
59446 109.30  22.42    66    11
57825 107.98  26.60   720     1
51087  89.52  46.98   807   -16
51133  83.00  46.73   534    -8
54326 119.70  41.38   422    -4
54472 122.72  40.88    25    -6
54660 121.23  38.82    66    -5
54662 121.63  38.90    91    -4
58345 119.48  31.43     5     5
58225 117.67  32.53    69     7
58448 119.70  30.22   117     0
53399 114.70  41.15  1393     6
53593 114.57  39.83   909     1
53698 114.35  38.07   103     0
54405 115.50  40.42   570    -3
48352 102.73  17.85   175     1
57840 109.20  26.90   401     5
50548 123.72  49.20   286     6
57156 111.50  33.30   250     5
57178 112.58  33.03   129     2
58111 116.45  33.97    32     3
57089 113.93  34.07    67     5
54406 115.97  40.45   487     6
57359 110.73  31.35   336     7
53955 110.45  35.47   458     7
57124 106.93  33.63  1032     6
58622 117.58  28.95    88     2
58015 116.33  34.45    44     3
54292 129.50  42.87   257     1
59849 109.83  19.03   250     1
57932 108.53  25.97   285     6
56571 102.27  27.90  1590     9
55696  92.47  28.42  3860    -2
50656 126.50  48.27   277     7
54049 123.97  44.25   188     5
57554 110.17  29.40   322     8
57806 105.90  26.25  1431     0
50834 121.22  46.60   499     3
58737 118.32  27.05   154     1
58626 117.25  28.32    60     7
57902 105.18  25.43  1378    -2
54493 124.78  40.72   260    -6
57671 112.37  28.85    37     4
52943  99.98  35.58  3323     2
48327  98.97  18.77   314     0
47090 128.55  38.25    19    -2
47152 129.32  35.55    35    -3
47162 128.43  34.83    34     1
47173 127.32  35.40    91     1
47185 126.15  33.28    75     0
48825 105.77  20.97     7     4
38957  71.60  36.72  2523     0
31512 127.55  50.25   132     8
47600 136.88  37.38     6     2
47807 130.37  33.57    15    -1
47909 129.50  28.38     8    -2
44212  92.08  49.80   939    -6
44232 102.70  49.38   938     7
44282 101.47  47.45  1691    -8
44287 100.68  46.13  1859    -6
44341 106.28  45.77  1393     3
44352 112.37  45.73  1101     2
47031 127.25  40.37  1080    -2
47050 125.65  39.62    27    -1
47075 127.28  38.42   352    -4
29771  92.08  55.35   804   -12
29998  99.82  52.50  1374    -4
30664 115.62  53.53   811     3
30822 105.85  51.70   467    -7
44219  95.00  47.63  1391    -7
44386 109.20  43.10   995     1
28144  60.78  58.87   125     4
28666  67.30  55.25   140     9
47016 128.17  41.40   714     1
47041 127.55  39.93    22    -3
48808 106.25  22.67   243     6
41859  89.23  25.73    34     0
48846 105.90  18.35     3     2
31825 138.40  47.60   164     4
31987 133.02  43.15   207     4
43198  74.62  15.85   755     1
43201  75.63  15.42   669    -2
47570 139.92  37.48   216     0
47655 138.20  34.60    46     0
47815 131.62  33.23    13     0
30198 123.72  58.07   416     8
31062 137.67  59.77   383    -5
30714 102.70  52.10   755    -6
44231 100.17  49.63  1283     2
48863 108.78  15.13     9     1
29418  78.35  56.33   126     2
29587  95.48  55.65   252     0
29631  82.73  55.32   146     5
30433 109.57  55.78   479    -3
30692 123.97  54.00   397     7
30802 100.98  51.68  1304    -7
31707 130.97  47.73    72     2
38598  69.82  40.27   347     0
38713  68.98  39.90  1004    -3
38718  68.38  39.10  2204    -5
38734  70.20  39.45  2561    -4
38878  73.97  38.17  3576    -6
30127 105.73  58.23   438   -17
29313  79.42  57.55    95     0
35796  75.08  46.80   350    -2
35849  62.12  45.77    68     2
35969  67.07  45.25   138     5
36152  78.35  50.87   149     4
28655  63.32  55.23   177     8
42309  94.12  27.23   101     0
28491  72.67  56.93    87    11
28465  66.35  56.68    61    13
42706  87.08  23.38    98     6
42724  91.25  23.88    38     0
29274  93.03  58.07    89     6
29282  97.45  58.38   133    -1
29477  93.27  56.48   164     2
29570  92.75  56.03   276     2
30230 108.07  57.77   258   -16
30521 105.17  54.80   418    -6
29253  89.47  58.45   133    10
29367  90.67  56.97   180     4
29467  90.52  56.28   257     5
29594  98.00  55.95   306    -5
29956  89.92  52.80   449   -10
30622 105.90  53.97   521     1
42647  72.63  23.07    56    -5
31534 131.02  50.43   273     3
31713 132.95  48.73    77     4
42071  74.87  31.63   234     0
42111  78.03  30.32   683    -3
42369  80.88  26.75   124     3
31174 137.53  54.83     9    11
29664  90.83  55.08   325     2
29772  93.43  54.35   479   -14
30054 112.58  59.45   190   -15
48924 101.47  21.05   552     2
48938 101.73  19.23   292    -1
48955 105.77  15.12   102     1
98328 120.60  16.40  1501     1
48037  95.13  22.10    82     0
48071  93.55  19.42     5    -1
48097  96.17  16.77    15     1
41620  69.47  31.35  1407     0
41640  74.33  31.55   215     0
41536  73.35  34.38   981    -2
41630  73.10  31.43   184     0
41571  73.10  33.62   508    -1
41594  72.67  32.05   188    -1
59658 110.30  21.15    53     2
59488 113.57  22.28    51     1
51709  75.98  39.47  1289    -2
51238  82.07  44.90   531    -4
51076  88.08  47.73   735   -10
58646 119.92  28.45    59     0
53798 114.50  37.07    77    -2
54401 114.92  40.77   772    -3
54539 118.88  39.43    10    -2
53529 107.97  39.08  1381     4
57710 106.40  27.80   890    -4
57411 106.10  30.78   309     3
53968 111.67  35.28   505     4
53588 113.52  38.95  2208     4
50968 127.97  45.22   189     3
52707  93.68  36.80  2767     0
57682 113.57  28.72   106    11
56793 104.47  25.72  1800     2
59007 105.07  24.07  1249     3
56586 103.72  27.35  1949    -1
52765 101.62  37.38  2850     5
52657 100.25  38.18  2787     7
50557 125.23  49.17   242     8
54218 118.83  42.30   668     1
56342  98.60  29.68  3870    -2
57461 111.30  30.70   133     6
57841 109.67  26.57   320     6
59626 107.97  21.53    21     7
57896 114.50  26.33   126     5
56146 100.00  31.62  3393     3
51655  86.27  41.35   884     2
56492 104.60  28.80   340    -3
58464 121.08  30.62     5     6
58760 121.15  27.83    68     1
57910 106.08  25.77  1197     2
52118  94.70  43.27  1728    -1
56684 103.28  26.42  2110     6
56977 101.85  22.58  1120     1
56986 103.68  22.98  1414     0
58135 118.22  33.48    16     3
53614 106.20  38.47  1110     5
53910 106.20  35.67  2841    -1
54236 122.55  42.38    79    -4
54339 123.00  41.08    77    -3
50618 118.27  48.22   642     8
54226 120.70  42.33   400    -4
53845 109.45  36.58  1180     6
57143 109.97  33.87   742     9
57245 109.03  32.72   290    10
54525 117.28  39.73     5     4
54909 115.52  35.08    51     3
54715 116.57  37.32    18     2
50953 126.57  45.93   118     8
50854 125.32  46.38   149    11
59126 117.65  24.50    28     2
58820 117.17  26.90   342     1
59113 116.72  24.73   226     4
52679 102.67  37.92  1531     2
59294 113.83  23.33    30     1
54334 121.25  41.52    74   -13
59647 109.10  21.03    55     1
57957 110.30  25.32   164     6
59631 108.35  21.78    32     8
57761 111.30  27.75   211     7
57067 111.03  34.05   568     9
52602  93.33  38.75  2770     5
48302  99.03  19.92  1530    -1
48328  99.50  18.27   243     0
48376  99.13  16.87   126    -1
47095 127.30  38.13   155    -2
47114 127.93  37.33   150    -3
47137 128.15  36.40    97    -3
47145 127.12  36.77    25     1
47171 126.85  35.55    46    -1
48413 101.10  15.65    69    -1
48329  99.03  18.55   298     0
56959 100.78  22.00   582     3
51581  90.23  42.85   398     1
51495  91.73  43.22   721     6
51467  86.33  42.77  1732    -3
51365  87.53  44.20   440     2
57595 114.50  29.60    76    11
55773  89.08  27.73  4300    -1
59431 108.22  22.63   121    11
59265 111.30  23.48   114     7
56287 103.00  29.98   627    -2
53513 107.37  40.73  1041     3
58911 116.37  25.85   310     3
59087 113.52  23.88    97     3
55228  80.08  32.50  4278     1
51716  78.57  39.80  1116     1
51059  85.87  47.43   984    -2
54063 126.00  44.97   196     4
54142 123.53  43.50   114    -1
54285 128.12  42.42   721     2
59758 110.25  20.00    63     3
56838  97.85  24.00   762     3
58637 117.98  28.45   118     4
57799 114.92  27.05    71     5
58806 116.02  26.48   209     3
59046 109.40  24.35    96     7
57947 109.40  25.22   121     9
59211 106.60  23.90   174     5
53543 109.98  39.83  1461     3
52418  94.68  40.15  1139     0
57906 106.08  25.18   566     1
47159 129.02  35.10    70    -1
47165 126.37  34.82    39    -1
38345  72.22  42.52  1218    -3
48382 103.07  16.23   154    -1
48300  97.97  19.28   274     2
45035 113.98  22.47    35     0
57034 108.22  34.25   447     4
44230 102.00  49.57  1235     3
44298 108.22  46.45  1286    -2
44313 118.62  47.62   688     7
44336 103.90  45.45  1316    -1
38579  67.83  40.12   343    -2
38583  68.68  40.82   263     1
41883  89.37  24.85    20     2
28586  72.22  55.87   117    11
28696  74.58  55.03   110    11
47022 128.15  40.82  1200    -2
47052 126.65  39.22   279    -2
47070 126.57  37.97    70     1
30925 106.45  50.35   797    -3
31371 126.00  52.78   209     7
31655 136.57  49.45    37    -2
47624 139.05  36.40   114    -2
47636 136.95  35.17    56    -1
47651 136.52  34.73    18     1
47741 133.05  35.45    22    -1
47800 129.30  34.20     4    -1
47895 134.57  34.07     6    -1
31960 131.92  43.12   188     6
30173 119.80  59.00   198     0
31026 130.62  58.73   197    13
44291 106.75  47.85  1272     9
44338 102.17  44.70  1519   -12
29654  87.63  55.20   498     1
36229  85.62  50.27   977   -11
48806 103.90  21.33   676     1
47020 126.60  40.97   306    -3
48855 108.35  16.07     7    -1
48848 106.60  17.48     8     0
47604 139.05  37.92     7     0
31513 128.47  50.92   177     9
42492  85.17  25.60    57     4
42971  85.83  20.25    49     1
30165 116.02  58.42   422     2
29937  82.77  52.52   175     5
36034  81.18  51.57   219     5
30372 118.27  56.90   710     7
30554 113.57  54.43   902    -3
31329 132.93  53.08   542     1
31416 136.50  52.42    70     0
31561 137.03  50.53    21    -2
48838 107.97  21.52     7     7
35173  69.80  51.62   305     6
38844  69.23  38.25  2239     1
29203  76.50  58.57    80     4
29231  82.95  58.32    75     8
29332  83.75  57.57   112     9
29638  82.95  54.90   131     4
29838  83.52  53.43   185     3
35067  66.33  51.88   221     9
36003  76.93  52.30   122     7
36397  81.22  49.22   455     1
36639  81.62  47.12   491   -13
36870  76.93  43.23   851   -10
38328  69.70  42.32   604    -1
38439  68.00  41.37   275    -5
29557  88.30  55.75   211     2
29915  78.65  52.97   125    10
42933  77.03  20.70   282    -1
28382  71.18  57.68    55    18
28573  69.43  56.10    82    12
29745  86.33  54.45   225    -1
48035  97.75  22.93   749     0
48060  99.62  21.30   828     1
48085  94.58  17.58     3    -1
48087  95.42  17.67    25     0
29363  92.27  57.62   179     5
29698  99.03  54.88   411   -14
30439 109.75  55.12   464    -2
29485  96.05  56.67   244    -2
29566  92.27  55.93   274     2
29653  89.82  55.30   387     5
30337 107.62  56.32   356   -10
30603 102.05  53.93   458    -6
30612 103.07  54.00   426   -10
30627 105.53  53.10   761   -12
36090  93.68  51.12  1042   -14
42634  69.80  23.25   117     0
42840  72.83  21.20    10    -4
42921  73.82  19.97   601    -6
43192  73.82  15.48    64    -1
30683 121.93  53.97   521    10
31445 128.12  51.45   200     9
31725 133.83  48.62    52    10
31152 136.15  57.65   318     1
42339  73.02  26.30   221    -4
48925 102.00  20.68   636     1
42027  74.83  34.08  1587     1
98223 120.53  18.17     5    -1
98330 120.95  15.47    32     2
98336 122.12  16.25     4     0
44329  99.27  45.38  2219   -10
59562 121.15  22.75    10    -1
59792 116.72  20.67     6     0
54337 121.12  41.13    65    -6
54353 125.05  41.73   328    -5
54365 125.35  41.28   245     0
58356 121.00  31.40     3     3
58652 120.72  28.87    83     0
54534 118.10  39.65    23     4
54618 116.55  38.08    13    -2
54342 123.52  41.73    49    -5
54476 122.15  40.17    20   -10
50963 128.73  45.97   108     4
52996 105.02  35.38  2450    -1
57625 107.45  28.55   679     2
55578  88.88  29.25  3836    -5
56251 100.32  30.93  3000     1
53884 113.03  36.52   877     3
53859 110.67  36.10   851     7
58500 115.20  29.85    45     7
57779 113.35  27.00   102     7
57907 104.90  25.08  1299     0
56093 104.02  34.43  2315    -2
52546  99.83  39.37  1332     0
56080 102.90  35.00  2910    -1
56778 102.65  25.00  1888     3
54808 115.63  36.23    37     0
56228  96.92  30.05  3260    -3
57395 114.12  31.57    74     5
57604 105.38  28.78   368     1
52661 101.08  38.80  1765     3
58047 119.23  34.25     4     3
51828  79.93  37.13  1375     3
54213 119.02  42.93   634     9
58543 119.02  29.62   171     1
58549 119.65  29.12    62     2
58553 120.82  30.05     6     3
58556 120.82  29.60   104    -1
57839 109.15  26.23   568     6
58215 116.78  32.43    25     4
59058 110.52  24.20   145     7
51639  82.78  41.23   980     1
51818  78.28  37.62  1375     2
57014 105.87  34.57  1085     5
57458 110.67  30.20   619     7
56768 101.55  25.03  1824     2
56856 100.87  24.47  1162     0
53903 105.72  35.97  1916     8
57037 108.98  34.93   710     5
57048 108.72  34.40   472     5
58265 121.60  32.07     3     4
54416 116.87  40.38    71     7
57144 109.15  33.43   693    10
54527 117.05  39.08     3     1
54727 117.55  36.68   121    -3
52856 100.62  36.27  2835     2
52836  98.10  36.30  3189     0
52868 101.43  36.03  2237     0
58936 118.70  25.37    77     2
58931 118.10  25.72  1653    -2
57476 112.15  30.35    31     7
57447 109.47  30.28   457     3
59493 114.00  22.53    63     0
57722 107.47  27.77   792    -2
51720  79.05  40.50  1161    -3
52313  94.67  41.53  1573     4
57679 112.78  28.12   115     7
55572  89.10  29.68  4000    -2
48409 104.32  15.08   129     1
48375  98.53  16.70   197     2
51470  88.12  43.88  1942    -2
56307  92.58  29.15  3260    -1
50955 126.30  45.38   166     6
50853 126.97  46.62   179     6
56385 103.33  29.52  3047    -1
56038  98.10  32.98  4200    -2
52576 101.68  39.22  1510     4
53391 114.00  41.90  1482     3
52983 104.15  35.87  1874     1
58362 121.45  31.40     5     6
59287 113.48  23.22    70     1
59456 110.93  22.35   141     3
59478 112.78  22.25    32     0
54528 117.13  39.23     3     1
50756 126.97  47.45   239     5
53362 111.68  41.53  1490     6
50603 116.82  48.67   554     5
50434 121.68  50.48   732    10
58150 120.25  33.77     2     3
56386 103.75  29.57   424    -2
51060  86.87  47.70   473    -7
54276 126.80  42.40   570    -3
56651 100.22  26.85  2380     7
54774 122.13  37.47    65     0
57972 113.03  25.80   184    11
50727 119.93  47.17   997     6
52876 102.83  36.33  1813    -2
52884 103.95  36.35  1668     4
56693 104.87  26.58  1815     3
57662 111.68  29.12   150     5
47102 124.62  37.95   146     3
47127 127.95  36.97   116    -3
47170 126.70  34.38    36     1
47175 126.32  34.47   477     3
38616  72.90  40.70   868     0
38403  62.47  41.75    97    -2
48307 100.87  19.40   334     0
48334  99.30  18.32   319     1
48360 102.42  17.22   228     0
47105 128.88  37.75    27    -2
47115 130.88  37.47   224     0
48407 104.87  15.25   123     1
38178  64.33  43.15   236     4
47060 125.38  38.72    47     0
44214  89.93  48.93  1715   -11
30650 112.78  53.20   922    -3
31388 129.92  52.35   207     8
31754 137.05  48.60   402     2
44242 105.40  49.15   748     7
44286 104.15  47.15  1363    -7
44374 101.03  43.23  1726    -2
44385 107.18  43.18  1114     4
29551  87.68  56.18   144     4
44237 101.38  48.53  1509    -5
44239 103.55  48.80  1208     7
44294 107.48  47.30  1430     4
44314 115.63  47.17   907     9
38836  68.73  38.58   800    -4
42867  79.05  21.10   310     3
43086  79.43  18.77   160     3
43213  78.07  15.80   289     0
38847  69.28  38.07   669    -1
31961 131.97  43.88    36     1
31016 128.50  58.63   230    11
40741  61.17  36.53   235    -2
29768  91.58  54.18   252    -5
44277  96.25  46.40  2181   -14
30758 113.48  52.08   670     4
31733 135.88  48.82    58     1
28978  68.75  52.53   398    12
38951  71.55  37.95  1981     1
28766  66.97  54.37   151     6
28867  65.55  53.32   216     7
28966  66.97  52.82   227     8
35085  70.95  52.00   384     9
36428  84.52  49.20   401    -8
36535  82.37  48.75   512    -5
42410  91.58  26.10    72     0
28076  69.28  59.60    56    12
28366  67.08  57.42    52    12
36325  97.52  50.60  1315    -8
48008  97.40  25.37   147     0
48019  97.20  24.27   113     1
30686 122.40  53.47   294     7
30961 115.58  50.95   639     1
30838 108.87  51.32   805    14
42701  85.32  23.32   646     5
29892  98.82  53.95   705    -5
30142 111.25  58.88   227   -17
30710 104.32  52.27   469    -7
29581  95.63  56.20   202     1
29752  88.82  54.75  1188     3
29869  92.40  53.27   297   -11
30405 101.03  55.38   422   -14
31295 125.82  53.47   363     6
42379  83.37  26.75    77     0
31989 133.90  42.90    42    -1
48935 103.13  19.47  1094    -2
98134 121.97  20.42   167    -1
38744  71.87  39.28  1198    -2
48057  97.05  20.78  1436    -1
51642  84.27  41.82   982     3
59559 120.75  22.00    24     0
41660  66.88  30.25  1589    -2
41506  71.83  35.85  1500    -3
41697  67.88  29.55   134     1
41746  68.13  26.85    47     1
41710  62.75  28.82   683    -1
