diamond  3 2014年01月06日05时地面变温                        
  14  01  06  05 1000 0 0 0
39 122.7 37.3 122.5 36.7 120.8 36.2  119.3 35.0 120.4 34.3
 121.1 32.7 122.3 30.9 122.5 30.1  121.5 28.0 119.8 25.0
 116.1 22.6 111.0 21.0 111.0 18.6  109.6 18.1 108.3 18.5
 108.9 19.9 109.3 21.0 106.4 21.6 104.1 22.2 101.6 20.8
 98.7 22.0  97.1 24.1  97.7 27.0 91.7 26.6  85.7 27.7
 78.9 30.6  73.3 37.1  74.1 40.7 87.6 49.8  98.5 43.9
 110.4 44.3 122.0 54.7 135.7 48.3 131.5 42.2 125.2 39.4
 121.3 38.5 121.2 40.3 118.5 38.6 120.8 38.1
1  1396
58321 117.30  31.78    27     0
58429 117.85  30.98    11     3
58236 118.25  32.35    33     4
59417 106.85  22.33   128     7
53446 109.88  40.53  1004     4
53502 105.75  39.78  1031     2
53192 114.95  44.02  1126     3
53863 111.92  37.03   743     1
53478 112.45  40.00  1345     1
56029  96.97  33.00  3716     0
56666 101.72  26.58  1224     5
57673 112.88  28.68    53     7
57584 113.08  29.38    53     3
57780 113.17  27.87    74     7
54254 124.05  42.53    98    -5
56067 101.48  33.43  3628     0
59754 110.18  20.33    55     3
57894 114.17  26.58   843     6
54929 117.97  35.27   121     4
57832 108.67  26.97   626     4
58450 120.05  30.87     7     2
58666 121.90  28.45    86     0
58742 119.55  28.12   163     0
58846 119.52  26.67    32    -2
59133 118.92  24.90    21     0
57154 110.90  33.53   523     7
54027 119.40  43.98   486    -3
50838 122.05  46.08   274     2
50915 116.97  45.52   838     4
52825  96.43  36.43  2790     0
56485 103.58  28.27  1255     4
54449 119.52  39.85     2    -2
54602 115.48  38.73    16     4
54624 117.32  38.40     4     1
56886 103.77  24.53  1704     3
56951 100.08  23.88  1502     2
56966 101.98  23.60   400    -3
56643  98.85  25.87   949     1
50136 122.52  52.97   433    11
56969 101.58  21.47   633     1
58255 120.57  32.37     6     4
58259 120.98  32.08     4     4
58354 120.35  31.62     3     1
59303 115.75  23.92   135     2
58040 119.13  34.85     5    -3
51747  83.67  39.00  1099     1
51730  81.27  40.55  1012     1
51463  87.65  43.78   935    -5
57237 108.03  32.07   674     7
58834 118.17  26.63   152     2
58731 118.53  27.92   276     0
57181 113.05  33.88   136     4
59298 114.37  23.07   108    -2
57426 107.80  30.68   454     5
56786 103.83  25.58  1898     1
56875 102.55  24.33  1716     4
58562 121.55  29.78     5    -1
58569 121.95  29.20   128     0
50442 124.12  50.40   371     3
51886  90.85  38.25  2944     5
57502 105.70  29.70   394     0
53775 112.53  37.43   781    -1
54751 120.73  37.93    39     1
50742 124.48  47.80   162     7
58634 118.25  28.68   116     2
58531 118.28  29.72   142     1
56128  96.60  31.22  3810     1
56434  97.47  28.65  2327     1
53463 111.57  40.85  1153     3
56331  97.83  29.67  3780    -2
58402 115.67  30.73   123     4
57520 107.07  29.83   377     2
57655 110.40  28.47   151     8
57687 112.92  28.22    68     6
54335 122.08  41.68    37    -9
56173 102.55  32.80  3491     8
54843 119.20  36.75    22    -4
54836 118.17  36.18   305    -1
56021  95.80  34.12  4175     0
57649 109.68  28.23   254     6
57774 112.17  27.45   100    10
57745 109.68  27.45   272     6
58608 115.55  28.07    30     3
59278 112.45  23.03    41     3
57399 114.95  31.13    74     5
57358 110.97  30.83   295     4
52866 101.75  36.73  2295     3
50514 117.32  49.58   661     4
57516 106.47  29.58   259     1
50658 125.88  48.05   236     7
57348 109.53  31.02   299     3
43189  82.23  16.95     7    -1
29481  95.22  56.82   188    -2
29571  92.73  56.07   234     0
29789  96.97  54.22   984   -13
30703 101.98  52.97   543    -2
31878 133.50  45.10    97    -2
29974  93.23  52.80  1398   -13
31253 128.87  54.72   364     3
30695 123.90  53.47   265     9
31527 129.47  50.12   239     5
29625  80.97  55.10   141     7
29822  81.27  53.82   129     5
42101  76.47  30.33   252    -1
42348  75.80  26.82   390     1
47740 133.33  36.20    32     2
47778 135.75  33.45    69     1
47918 124.17  24.33    14    -1
47891 134.05  34.32    14    -1
36911  75.28  42.83   817    -3
30846 112.47  51.35   743     7
47108 126.95  37.57    87     0
47133 127.37  36.37    69     0
48315 100.80  19.12   236     1
48374 101.23  16.77   144    -3
31054 135.15  59.18   212    -4
48385  98.85  16.02   460     1
48390 103.58  16.32   140    -1
48418 101.18  15.27    51    -3
50978 130.92  45.30   272     2
52984 103.18  35.58  1917     0
58005 115.67  34.45    50     1
57127 107.03  33.07   509     5
57343 109.53  31.90   995     5
53929 107.80  35.20  1206     6
54135 122.27  43.60   178    -2
53231 106.38  41.45  1510    -1
54208 116.47  42.18  1245    -7
54511 116.47  39.80    31     5
57445 109.72  30.60   609     5
58725 117.47  27.33   218     1
51644  82.97  41.72  1081     5
51186  90.38  46.67  1218   -19
38696  66.95  39.63   725    -1
47100 128.72  37.67   773    -9
47104 128.85  37.80    80    -3
47106 129.12  37.50    41    -4
47112 126.62  37.47    69     2
47119 126.98  37.27    37    -1
47130 129.40  36.98    51    -4
47146 127.15  35.82    54     0
48353 101.72  17.45   254    -2
44373 104.42  43.58  1465     2
48351 100.08  17.62    64     0
51367  86.82  44.13   522     0
54284 127.50  42.15   774     5
54377 126.22  41.15   225    -2
59280 113.08  23.72    79     0
59021 107.03  24.55   509    10
59023 108.03  24.70   260     8
59218 106.42  23.13   739     6
54243 124.12  42.78   165    -1
53612 106.18  37.98  1128     5
58221 117.30  32.85    26     2
48324  99.23  17.63   192    -1
48401 100.52  15.33    93    -5
48304  99.77  19.87   401     0
48437 103.25  15.23   184     1
45004 114.17  22.30    66     0
45005 114.17  22.30    40     0
29122  80.83  59.05    57     5
28541  60.30  56.08   398     9
30673 119.73  53.75   624    13
30823 107.60  51.83   514     7
31168 138.15  56.45     7     4
30526 107.07  54.48   650    -2
28879  69.38  53.28   229     6
35671  67.72  47.80   346     2
35953  64.08  45.50   103    -1
36208  83.55  50.33   811   -10
38198  68.22  43.27   207    -7
29636  84.38  55.22   172     3
31005 126.27  58.97   283    10
35699  74.82  47.45   620    -1
44241 106.07  48.92   807     0
44272  96.85  47.75  1759   -10
44285 102.77  46.90  1662     3
44358 111.90  43.73   964     3
48930 102.13  19.88   305     1
30385 121.50  56.58   425     7
38545  62.28  40.47   142     1
38911  65.20  37.83   240     0
38856  70.88  38.47  1288     1
36278  90.42  50.37  1850    -8
31873 133.73  45.87   104     8
42754  75.80  22.72   567    -2
43041  82.03  19.08   554     2
30309 101.75  56.28   416   -15
58419 117.02  30.10    17     3
54423 117.92  40.97   422    -1
51567  86.57  42.08  1055     1
56751 100.18  25.70  1990     2
58238 118.90  31.93    35     3
58027 117.15  34.28    41     0
58252 119.47  32.18    27     2
51346  84.67  44.43   478    -2
51701  75.40  40.52  3504    -1
54753 120.33  37.63     4    -3
57265 111.73  32.43   132     6
57091 114.30  34.78    73    -2
59673 112.77  21.73    21     2
59088 113.42  24.18    74     1
56954  99.93  22.57  1054     1
52787 102.87  37.20  3045    -3
58467 121.27  30.20     4     1
58752 120.65  27.78    39    -2
50739 123.18  47.33   190    -2
53487 113.42  40.08  1052    -5
57306 105.97  31.58   382     3
57483 113.13  30.67    31     7
50564 127.35  49.43   234     9
52908  93.08  35.22  4612    -1
51628  80.23  41.17  1103    -1
57285 113.42  32.38   153     6
53740 109.23  37.93  1111     3
57003 106.83  34.90   924     5
57025 107.38  34.52   781     1
57028 107.32  34.03  1543     6
57030 108.15  34.70   994     1
52495 104.80  40.17  1323     1
56227  95.77  29.87  2736    -3
58927 117.02  25.05   376     2
51288  90.53  45.37  1653   -13
51431  81.33  43.95   662    -6
51243  84.85  45.62   449    -3
51839  82.72  37.07  1409    -1
50948 124.02  45.00   146     3
54260 125.08  42.92   252    -4
59117 116.07  24.28   116     2
54333 122.85  41.97    30    -6
54455 120.65  40.62    20    -7
58038 118.78  34.08    10     3
58026 118.02  34.40    25     3
53723 107.38  37.80  1349     7
53806 105.65  36.57  1854     1
58314 116.32  31.40    86     2
58336 118.57  31.70    80     1
58414 116.32  30.43   105     1
58436 118.98  30.62    87     2
28044  60.53  59.60   130     5
29348  86.22  57.07   114     8
29524  80.05  55.85   128     3
29645  86.22  55.25   148     4
36096  94.48  51.70   632    -1
43110  73.33  16.98    91    -1
36103  96.12  52.47   919    -5
29068  90.92  59.50    66     5
29263  92.20  58.45    78     6
29456  89.32  56.53   205     4
31538 132.13  50.07   347     4
48325  97.93  18.17   213     1
29874  92.88  53.58   319   -12
28952  63.62  53.22   170     4
29802  76.53  53.82   114    10
35188  71.37  51.13   350     5
35357  69.52  49.68   349     2
38062  65.50  44.85   130     1
38343  72.75  42.95   683    -8
29726  81.88  54.37   132     5
36259  88.67  50.00  1760   -11
38599  69.73  40.22   427     1
29393  99.53  57.65   220   -12
44265  91.47  46.12  1186    -6
30777 117.70  52.23   525    12
38806  64.37  38.47   212    -2
38987  62.35  35.28   625     1
29563  92.20  56.12   478     1
30157 112.87  58.32   224    -1
29374  93.25  57.67    92     4
29676  94.90  55.27   337    -4
30504 100.63  54.60   522    -8
36307  95.17  50.25  1100    -4
31845 135.32  46.53   129     0
31921 132.07  44.72    77     3
31969 130.80  42.65    39     3
31418 135.80  52.28   201    -1
30089 121.77  59.02   175     3
52436  97.03  40.27  1526    -3
53787 112.98  37.07  1041     1
53959 111.05  35.05   365    10
59306 115.85  23.45    80     0
56106  93.78  31.88  4022     1
56109  93.78  31.48  3940     1
50758 125.90  47.18   246     4
57749 110.00  27.57   257     5
59096 114.48  24.37   214     2
53594 114.18  39.45   938    -2
53963 111.37  35.65   433     8
52323  97.03  41.80  1770    -3
53882 113.07  36.05   991     0
31004 125.37  58.62   679     6
30745 111.55  52.53   951     2
30975 119.07  50.33   521    13
31489 136.80  51.20    91    -3
50950 125.25  45.70   148     9
54826 117.10  36.25  1533     0
56033  98.22  34.92  4272     2
54064 125.15  44.38   170     4
54171 126.52  43.70   229    -1
54363 125.90  41.68   402    -1
57993 115.00  25.87   137     5
58507 115.12  29.25   116     7
54523 117.02  39.38     4     1
52737  97.38  37.37  2981     2
52713  95.35  37.85  3173     1
56178 102.35  31.00  2438     1
57669 111.22  28.38   128     8
57562 111.37  29.58   116     7
54195 129.78  43.30   244     0
36092  93.90  52.13   852    -6
56792 104.97  25.78  1649     2
59242 109.23  23.75    84     8
54857 120.33  36.07    76    -4
57606 106.83  28.13   972    -2
57827 107.53  26.32   969     6
58557 120.08  29.33    90     1
58633 118.90  29.00    82     2
58667 121.27  28.08    95     1
58933 118.98  26.92   869     1
58744 119.42  27.45   815    -1
53480 113.07  41.03  1419    -1
57608 105.43  28.17   377     3
57405 105.55  30.50   355     2
58122 116.98  33.63    25     1
58319 116.95  31.07    85     4
38565  65.68  40.55   484    -1
38611  71.58  41.00   474     2
38618  71.75  40.38   577     1
38812  65.72  38.75   375     2
45007 113.92  22.30     7     2
48354 102.80  17.37   178     0
47605 136.63  36.58    33    -2
47746 134.23  35.48    15    -2
47772 135.52  34.68    83     0
38613  72.95  40.92   765     4
47184 126.52  33.50    21    -2
48402 100.18  15.15    16     0
47097 127.48  37.25    79    -1
47150 126.55  36.32    16     0
47174 127.23  35.07    75    -3
47189 126.55  33.23    50    -2
48356 104.13  17.15   172     0
48381 102.78  16.45   193    -1
44288 102.78  46.27  1813    -1
48377  99.00  17.23   144    -1
48400 100.12  15.67    35     0
48386 100.37  16.33    39     0
48387  98.93  16.75   867     0
45045 114.30  22.17    60     1
44218  91.57  48.02  1405    -9
44275  98.08  46.83  2255   -10
44284 100.13  46.70  2126    -4
44302 112.12  47.78   926     9
44347 105.32  44.42  1298     1
30636 109.63  53.62   488    -4
31594 130.08  49.42   134     1
50353 126.63  51.73   173    11
53915 106.67  35.55  1346     5
52986 103.87  35.37  1893     0
52378 102.37  41.37   960     7
53195 113.63  43.85  1036     9
53352 110.43  41.70  1376     6
57776 112.70  27.30  1265     1
57583 113.97  29.92    61     7
57381 113.33  31.62   116     7
50936 122.83  45.63   155     5
54273 126.75  42.98   263    -3
59102 115.65  24.95   303     2
59845 109.58  19.52   169     3
59948 109.58  18.22   419     1
56187 103.87  30.75   547    -1
56144  98.58  31.80  3184     3
59092 114.82  24.92   206     3
57872 112.60  26.90   104     6
57853 110.63  26.73   341     5
55279  90.02  31.38  4700    -6
55681  90.40  28.97  4431    -4
54237 121.75  42.07   167   -11
57193 114.52  33.78    52     0
53687 113.63  37.78   753    -2
58472 122.45  30.73    79     3
58944 119.78  25.52    32    -1
57131 108.97  34.43   410     5
59316 116.68  23.40     2     2
59097 114.20  24.05   198     2
38915  66.02  37.52   265     2
38974  61.22  36.53   275    -1
38725  69.67  39.43  2234    -3
38933  68.78  37.82   427    -1
42886  84.08  21.92   230     3
36091  93.00  52.25   662    -7
59664 110.98  21.53    31     2
50632 121.92  48.77   739    -5
52974 102.02  35.52  2491    -2
52645  99.58  38.42  3320     8
56182 103.60  32.67  2881     5
56479 102.85  28.00  2132     3
58118 116.52  33.27    26     3
30252 114.02  57.82   249     0
30815 103.60  51.53  1442   -16
29876  94.20  53.68   446   -15
43128  78.47  17.45   535     2
29562  91.67  56.10   331     1
29766  92.15  54.35   281   -14
31915 131.38  44.40   211     7
31981 133.07  43.97   187     2
58203 115.73  32.87    32     2
58311 116.50  31.73    74     4
58437 118.15  30.13  1840     1
54606 115.73  38.23    19     0
52797 104.05  37.18  1630     3
57378 112.57  31.17    65     3
58407 115.03  30.23    32     6
58138 118.52  32.98    40     3
58158 120.48  33.20     3     4
51542  84.15  43.03  2458     6
51804  75.23  37.77  3090     0
51334  82.90  44.60   318    -7
51068  87.47  47.12   500   -11
51232  82.57  45.18   336   -12
56257 100.27  30.00  3948    -1
58926 117.42  25.30   205     2
54916 116.85  35.57    51     3
57290 114.02  33.00    82     3
59663 111.97  21.83    89     1
59289 113.73  22.97    56    -1
56444  98.92  28.48  3319     1
56763 101.87  25.73  1120     2
58665 121.42  28.62     4    -1
50247 123.57  52.03   514    17
52267 101.07  41.95   940     2
57313 106.77  31.87   417     4
52833  98.48  36.93  2950     1
57279 112.75  32.15   125     1
57612 106.65  29.00   474     1
58527 117.20  29.30    61     4
56034  97.13  33.80  4415    -2
54259 124.92  42.10   237    -4
54351 124.08  41.92   118    -6
53948 109.58  34.95   499     4
53735 108.80  37.62  1336     7
50349 124.40  51.67   501    14
55655  85.97  28.18  3810    -4
58837 118.15  26.17   137     1
51573  89.20  42.93    34     0
51053  86.40  48.05   532    -9
51526  88.22  42.23   922     0
51477  88.32  43.35  1103    -6
54041 123.07  44.80   150     4
54263 126.05  42.97   336    -4
57647 109.18  28.15   406     5
59317 116.30  23.03    14     2
54346 123.78  41.32   185    -3
54486 123.28  40.28    79    -4
56065 101.60  34.73  3500     0
53519 106.77  39.22  1092     4
53705 105.68  37.48  1183     9
58520 117.72  29.85   142     3
29430  84.92  56.50   139     8
29736  84.20  54.33   198     1
28255  63.68  58.05   102    10
28645  61.30  55.15   236    10
28748  61.62  54.08   192     4
38462  70.37  41.90  1255    -5
29580  95.27  56.17   357    -4
30879 119.62  51.32   619    12
30949 111.97  49.57   907     9
30965 116.52  50.40   675     4
31285 134.42  54.50    61     6
31300 127.27  53.73   230     4
31484 135.08  51.42   268     5
35497  72.87  48.85   656     5
35746  61.65  46.78    62     3
38341  71.38  42.85   655    -7
28049  62.33  59.43   130     6
29602  76.75  55.30   111    11
29724  80.47  54.33   160    10
52754 100.13  37.33  3301     2
56151 100.75  32.93  3530     7
50844 123.45  46.40   138    10
50862 127.98  46.98   206     3
57916 106.77  25.43   440     3
56964 100.97  22.78  1302     2
54744 118.55  37.58     8     0
57642 109.63  28.70   325     5
55472  88.63  30.95  4672    -1
55248  84.42  32.15  4414    -1
29923  82.33  53.07   219     5
29939  84.92  52.67   225    -7
36021  79.18  52.25   142     8
36058  86.02  51.38   419    -7
55493  91.10  30.48  4200   -12
55294  91.10  32.35  4800    -4
57633 108.77  28.82   826     4
58519 116.68  29.00    40     2
56018  95.28  32.88  4066     3
56223  95.83  30.75  3640    -3
57741 109.18  27.72   282     4
52533  98.48  39.77  1477    -1
57793 114.38  27.80   131     9
50877 129.58  46.30   100     8
54823 117.00  36.60   170    -5
53664 111.13  38.47  1012     3
53663 111.82  38.92  1401    -1
54623 117.72  39.05     4     2
56043 100.23  34.48  3719    -3
47827 130.53  31.55    31     1
47945 131.23  25.83    20    -2
48830 106.77  21.83   263     9
38353  74.53  42.85   760    -9
48403 102.02  15.80   184    -2
47099 126.75  37.88    30    -1
47121 128.45  37.17   241    -6
47135 127.98  36.22   245     0
47140 126.75  36.00    24     2
47172 126.58  35.33    56     1
48331 100.75  18.77   201     0
48378 100.27  16.78    45     0
38457  69.30  41.33   477     0
44304 110.63  47.32  1033     3
48303  99.87  19.95   393     0
48379 101.15  16.43   116    -1
48840 105.78  19.75     5     3
48355 104.05  17.12   192     1
48404 103.60  16.07   155    -1
48845 105.68  18.67     6     1
45039 114.20  22.40    12     3
45044 114.02  22.20    79     1
45011 113.55  22.15   114     1
31474 133.27  51.63   384     1
31521 129.33  50.78   230     7
31832 134.27  46.80    67     1
36104  95.57  51.47   705   -14
30493 124.88  55.97   860     7
43181  80.80  16.53    25    -2
30731 108.28  52.98   491    -3
30764 115.17  52.65   645     6
30859 114.52  51.10   681     8
30862 116.03  51.87   597     6
31959 135.85  44.37    33     2
31123 130.90  57.77   254     4
59644 109.13  21.45    12     5
57766 111.45  27.18   311     6
53673 112.72  38.73   828    -4
57707 105.28  27.30  1510     2
56125  96.47  32.20  3643     7
50949 124.87  45.08   136     7
54181 127.33  43.70   295     0
54386 128.18  41.42   775     2
57965 111.60  25.53   192     7
57874 112.40  26.42   116     6
53276 112.90  42.40  1150     9
54115 118.03  43.63   825     1
57523 107.73  29.85   290     2
57729 107.88  27.23   622     3
53975 112.40  35.48   659     3
58457 120.17  30.23    41     0
58477 122.10  30.03    35     1
58730 118.03  27.77   222     0
54134 121.28  43.60   241    -3
53602 105.67  38.83  1561    -1
50639 122.73  48.00   306     1
56565 101.52  27.43  2545     4
54308 116.63  41.20   735    -1
54518 116.40  39.17     8     2
54705 115.38  37.37    27     0
52101  93.05  43.60  1677    -6
57278 112.08  32.00   163     0
56985 103.38  23.38  1300     1
50774 128.83  47.70   264     3
58251 120.28  32.85     3     4
51469  87.18  43.45  1930    -7
56188 103.67  31.00   698     0
58818 116.63  26.23   358     2
54842 120.00  36.78    62    -2
57494 114.05  30.60    23    10
57482 113.95  30.90    25     5
53898 114.40  36.05    62    -2
59485 113.40  22.50    33     2
59462 111.60  22.70    60     2
53083 114.15  44.62  1181    -1
50425 120.18  50.25   581     8
54026 120.90  44.57   265     0
56548  99.28  27.17  2326     1
56991 104.33  23.62  1561     0
57614 106.22  28.33  1180    -5
56202  93.28  30.67  4488    -2
50788 131.98  47.23    66     5
56475 102.52  28.65  1659     3
57077 111.65  33.78   742     7
54324 120.43  41.55   174    -7
54470 122.07  41.02     5    -8
53725 107.58  37.58  1360     5
53942 109.42  35.77  1155     6
53738 108.17  36.92  1331     8
53754 110.22  37.50   929     1
53149 110.13  42.53  1225     8
56357 100.30  29.05  3727     5
50873 130.30  46.78    82     2
58734 118.12  27.33   196     0
51241  83.60  45.93  1077   -12
51777  88.17  39.03   887     1
51330  81.02  44.97  1357    -6
51656  86.13  41.75   931     3
51433  82.52  43.80  1105    -4
54157 124.33  43.17   165    -3
59501 115.37  22.80    16    -1
59116 116.70  24.33    81     3
59209 105.83  23.42   794     2
59228 107.58  23.32   108     5
54497 124.33  40.05    13    -2
54579 122.58  39.27    35    -3
57297 114.05  32.13   114    -4
58358 120.43  31.07    16     2
58143 119.85  33.80     4     2
58241 119.45  32.80     5     0
53817 106.27  36.00  1753     8
28240  60.07  57.88   260    10
29706  77.30  54.38   116    12
28440  60.63  56.83   281     9
28661  65.42  55.45    73     7
29612  78.30  55.35   119     8
30635 109.02  53.42   460     6
30935 108.75  50.37   770    10
48852 107.58  16.43     9    -2
28676  69.12  54.78   101     8
29807  75.45  53.35    94     9
35394  73.15  49.80   553     5
36177  80.30  50.42   196     4
38069  66.75  44.17   153    -5
38196  68.90  43.55   822    -2
28552  63.65  56.07    89    14
29111  78.23  59.22    69     1
36022  80.33  52.02   208     6
36038  82.17  51.15   354     2
30323 105.80  56.80   325   -13
31041 133.03  59.63   179     6
31102 125.97  57.65  1204     1
28984  70.22  52.95   395     6
30637 107.73  53.32   461   -10
44213  94.40  49.65  1232    -2
44225  98.20  48.73  1723    -5
44256 114.40  49.55   705     8
44317 115.37  45.90  1076     8
48803 103.97  22.50    97     0
48940 102.57  17.95   171     1
31478 133.98  52.27   902     2
31735 135.18  48.52    76    -3
38799  62.80  38.08   185    -4
38895  62.18  37.60   240    -3
38954  71.50  37.50  2075    -1
42737  70.78  22.30   138    -2
29379  94.55  57.20   164     0
30028 106.17  59.28   351   -11
30328 105.83  56.05   338    -8
56172 102.23  31.90  2664     2
57493 114.33  30.35    73     5
52447  98.88  40.00  1270    -4
52652 100.28  39.08  1461     3
53923 107.63  35.73  1421     1
50973 130.60  45.75   234     3
57889 113.95  26.08   835     7
57574 112.40  29.37    36     4
57758 110.58  27.07   323     5
57816 106.73  26.58  1223     1
57718 106.73  27.10  1038    -2
57789 113.95  27.13   194     7
58705 115.42  27.33    85     5
58715 116.65  27.58    80     3
56116  95.60  31.42  3873    -1
36078  90.20  51.00   983    -6
43150  83.30  17.68    69    -2
43185  81.15  16.20     9    -2
29471  93.17  56.88   179     0
29553  89.55  56.22   290     4
29864  90.37  53.72   525   -10
31442 127.65  51.98   280    10
55585  90.17  29.43  3809     1
57926 107.88  25.42   428     8
56312  94.33  29.67  2991    -2
55690  91.95  27.98  4280    -5
56691 104.28  26.87  2237    -3
57598 114.58  29.03   146     7
57696 114.78  28.40    91     6
58506 115.98  29.58  1164     2
59324 117.03  23.43     7     1
53490 114.05  40.43  1014    -3
57573 112.90  29.83    30     4
54094 129.60  44.57   241     1
58600 115.37  28.87    78     5
52424  95.78  40.53  1170     0
56096 104.92  33.40  1079     4
30393 124.87  56.83   858     6
42328  70.92  26.90   257     1
42452  75.85  25.15   279    -3
30957 113.27  50.27   732     6
48357 104.78  17.42   147     2
38396  60.63  41.57   100    -5
47662 139.77  35.68    36    -2
47678 139.77  33.12   156    -1
47843 128.83  32.70    26     1
47830 131.40  31.93    15    -2
47887 132.78  33.85    34    -2
36982  78.23  41.88  3639     4
48310  99.88  19.18   398     0
48405 103.65  16.05   142     0
47129 126.48  36.77    30     1
47136 128.70  36.57   141    -5
47143 128.62  35.88    65    -2
47154 128.32  36.12    50    -3
47155 128.57  35.17    38     2
47157 127.90  35.67   222     0
47169 125.45  34.68    77     0
47188 126.87  33.38    19     0
47192 128.03  35.15    31    -1
48839 107.72  20.13    56     2
48373  99.85  17.15    54     0
48408 105.03  15.23   130     1
45032 114.15  22.52    14     7
56748  99.18  25.12  1652     2
29276  94.73  58.17   170     4
30499 124.67  55.18   528     5
31348 136.03  53.05   153    -1
31587 128.65  49.62   114     5
31632 134.63  49.93   283     1
31702 131.08  49.00   267     1
28756  64.87  54.47   117     7
54161 125.22  43.90   236     3
54165 125.63  43.55   219    -1
54186 128.20  43.37   524     0
54374 126.88  41.80   379    -1
59954 110.03  18.55    35    -1
50468 127.45  50.25   166     6
52955 100.73  35.58  3120    -2
56374 101.97  30.05  2615     3
56196 104.73  31.45   522     3
57503 105.12  29.62   349    -1
54012 117.60  44.58  1001    10
53068 111.93  43.63   963     4
54454 120.30  40.33    29    -6
51633  81.90  41.78  1229     1
59453 110.12  22.67   121     5
38683  64.62  39.72   224     2
43105  84.13  18.33     7     0
42165  73.30  28.00   224    -4
42361  78.25  26.23   207     2
30669 117.48  53.07   707     6
30829 106.63  51.10   556    13
38715  68.58  39.57  3143    -3
35078  68.37  51.82   304     2
36821  76.27  44.83   396   -12
36859  80.07  44.17   645    -7
38222  73.78  43.70   456   -20
38334  70.30  42.48   808    -4
30971 117.93  50.92   806     4
36864  75.25  43.53   743   -12
58718 116.53  27.22   111     1
54725 117.53  37.50    11    -1
54776 122.70  37.40    47     1
57051 111.20  34.80   409     6
57803 106.02  27.03  1231     2
58847 119.28  26.08    84     0
36064  87.60  51.77   480    -5
31011 127.05  59.67   278    13
59321 117.50  23.78    53     1
58918 116.42  25.05   198     1
57106 106.15  33.32   794     5
59082 113.60  24.67   121     4
55589  90.98  29.30  3555     5
56462 101.50  29.00  2925     1
58338 118.58  31.15    17     4
54429 117.95  40.20    54     4
59855 110.47  19.23    24     1
59985 111.62  16.53     4     0
51811  77.27  38.43  1231     2
56739  98.50  25.02  1654     1
56664 101.27  26.63  1230    -1
58130 117.95  33.93    23     2
54349 124.13  41.30   258    -4
36686  76.87  46.55   349    -5
44203  99.67  51.12  1583     5
44207 100.15  50.43  1668    -6
44215  91.72  49.02  1590   -17
44305 113.28  46.68   981     6
58102 115.77  33.87    37     0
30844 110.47  51.37   801     6
51704  76.17  39.72  1298     0
51156  85.72  46.78  1291   -10
51358  85.82  44.28   468     4
56459 101.27  27.93  2426     6
56046  99.65  33.75  3967    -4
59134 118.07  24.48   139     0
53336 108.52  41.57  1288     1
58141 118.93  33.63    12     0
53564 111.15  39.38   861     0
55680  89.60  28.92  4040     2
57355 110.37  31.03   334     5
57071 112.43  34.82   333     0
54471 122.17  40.65     3    -7
38413  64.62  41.73   236    -7
38927  67.32  37.28   311     0
53651 110.47  38.82  1098     1
57046 110.08  34.48  2064    -2
57238 107.90  32.53   693     8
53646 109.78  38.27  1157     7
54102 116.12  43.95  1003     5
56079 102.97  33.58  3441    -2
56167 101.12  30.98  2957     2
56152 100.33  32.28  3893     3
57439 108.93  30.28  1074     5
58754 120.20  27.33    36    -2
51705  75.25  39.72  2175     0
51437  81.13  43.15  1851    -1
59632 108.62  21.95     4     6
54452 119.82  40.80   365    -4
54584 122.95  39.72    34     0
48333 100.73  18.85   265     0
48384 102.82  16.33   166     0
47936 127.68  26.20    50    -4
47675 139.35  34.73    75    -1
47765 132.47  34.40    54    -2
47817 129.87  32.73    35    -2
47927 125.28  24.80    41    -2
36974  76.00  41.43  2041     2
47101 127.73  37.90    78    -5
47138 129.37  36.02     3    -4
47168 127.73  34.73    65    -1
48380  99.52  16.48    81     0
47098 127.05  37.90   110    -2
47131 127.43  36.63    58     0
47156 126.88  35.17    73     0
48826 106.63  20.80   116     4
44259 114.55  48.08   747     2
44292 106.87  47.92  1729     4
44354 110.12  44.90   938     2
48330 100.15  18.12   162     0
38687  63.60  39.08   190     0
38886  60.52  37.38   186     0
38705  67.60  39.50  1015    -5
38719  68.87  39.08  3373    -7
38851  70.30  39.00  1316    -2
48823 106.15  20.43     3     4
53821 107.30  36.57  1255     8
53578 112.43  39.37  1114     3
50888 132.18  46.32    83     3
58326 117.83  31.58    30     2
59838 108.62  19.10     7     0
42895  86.93  21.52    18     1
42667  77.35  23.28   521     0
42779  81.90  22.77   625     1
42874  81.65  21.23   296     3
29578  93.73  55.72   399    -4
31939 133.87  44.15   258     2
43003  72.85  19.12    14    -5
43117  75.90  17.67   479     0
57912 106.63  26.13   990     5
57256 110.78  32.65   286     6
56137  97.17  31.15  3315     3
56317  94.22  29.22  2950    -2
57259 110.77  32.03   426    10
59271 112.43  23.63    57     4
59037 108.10  23.93   170     7
56671 102.25  26.65  1787     3
57731 108.25  27.95   416     3
57922 107.55  25.83  1013     2
58843 120.02  26.88    56     0
51810  77.63  38.92  1178     0
52681 103.08  38.63  1367     3
52633  98.42  38.82  3367     7
55299  92.07  31.48  4507    -2
29023  81.95  59.85    76     3
29328  82.05  57.00   110    11
29605  76.02  55.22   112    11
29846  86.88  53.82   309    -4
36061  87.12  52.25   326   -11
29464  90.58  56.65   231     3
29576  94.30  55.82   375    -4
31909 136.60  45.00    61     1
54266 125.63  42.53   340    -2
57845 109.78  26.17   397    14
52889 103.88  36.05  1517     3
59107 115.28  24.12   179     1
57251 110.42  33.00   249     6
58606 115.92  28.60    46     3
56074 102.08  34.00  3471    -2
52446  99.52  40.30  1177     4
52674 101.97  38.23  1976     4
59254 110.08  23.40    42     6
57857 110.32  26.37   477     7
57866 111.62  26.23   172     6
56004  92.43  34.22  4533    -2
52818  94.92  36.42  2807     0
50945 124.27  45.50   137     5
29561  90.32  56.03   255     4
29759  89.28  54.33   846    -3
29866  91.70  53.72   254   -11
29313  79.42  57.55    95     3
55664  87.08  28.63  4300    -5
54493 124.78  40.72   260    -5
50246 124.72  52.35   361    12
54096 131.17  44.38   567     3
59065 111.50  24.42   148     7
59446 109.30  22.42    66    10
58622 117.58  28.95    88     3
57712 106.95  27.73   983    -3
58921 117.35  25.97   206     1
57124 106.93  33.63  1032    10
57134 107.98  33.52   827     7
57211 106.25  32.83   836     4
59072 112.37  24.80   131     7
56571 102.27  27.90  1590     8
58015 116.33  34.45    44     0
30433 109.57  55.78   479    -1
30692 123.97  54.00   397    11
31512 127.55  50.25   132     3
31707 130.97  47.73    72    -2
54311 117.77  41.97   892    -5
53399 114.70  41.15  1393     4
53593 114.57  39.83   909     1
53698 114.35  38.07   103    -3
54405 115.50  40.42   570    -3
54436 118.95  40.42   254     1
52112  95.13  43.77   479     0
50745 123.92  47.38   147     9
58343 119.98  31.88     4     1
57328 107.50  31.20   344     3
54863 121.18  36.78    40    -1
57359 110.73  31.35   336     7
53986 113.88  35.32    73     2
57083 113.65  34.72   110     2
57156 111.50  33.30   250     4
30127 105.73  58.23   438   -17
35796  75.08  46.80   350    -2
35849  62.12  45.77    68     2
36152  78.35  50.87   149     1
28144  60.78  58.87   125     6
28666  67.30  55.25   140     8
30198 123.72  58.07   416     9
31062 137.67  59.77   383    -5
48825 105.77  20.97     7     2
57178 112.58  33.03   129     6
59304 115.18  23.63   176     2
59293 114.73  23.80    70     1
56543  99.70  27.83  3276    -1
56946  99.40  23.55  1104     2
58448 119.70  30.22   117     0
50983 132.97  45.77   100     5
57932 108.53  25.97   285     6
57996 114.25  25.08   149     5
54945 119.53  35.43    36     1
59981 112.33  16.83     4     0
57089 113.93  34.07    67     4
54563 122.02  39.63   118     0
57432 108.40  30.77   186     4
57581 113.45  29.82    27     7
53853 110.95  36.70  1052     5
53854 110.07  36.58   804     5
53955 110.45  35.47   458     5
57049 109.73  34.52   341     8
57232 108.27  33.05   484     8
50548 123.72  49.20   286     4
50527 119.70  49.25   649     7
59849 109.83  19.03   250     1
54406 115.97  40.45   487     5
51087  89.52  46.98   807   -18
51711  78.45  40.93  1985    -7
51379  89.57  44.02   793     6
51133  83.00  46.73   534   -14
54292 129.50  42.87   257     2
57825 107.98  26.60   720     5
54326 119.70  41.38   422    -6
53877 112.25  36.17   860     6
58034 118.32  34.60    36     2
50656 126.50  48.27   277     5
57806 105.90  26.25  1431     2
57512 106.28  29.97   230     2
56247  99.10  30.00  2589     1
57805 105.77  26.68  1319    -2
57902 105.18  25.43  1378     2
57840 109.20  26.90   401     6
54049 123.97  44.25   188     3
52895 104.68  36.57  1398     3
58626 117.25  28.32    60     9
54764 121.23  37.48    53    -1
53772 112.58  37.62   776     2
53764 111.10  37.50   950     3
54472 122.72  40.88    25    -7
54660 121.23  38.82    66    -5
54662 121.63  38.90    91    -5
58111 116.45  33.97    32     2
58345 119.48  31.43     5     3
53615 106.70  38.80  1101     4
53704 105.18  37.53  1225     8
53810 105.90  36.97  1339     9
58225 117.67  32.53    69     6
29418  78.35  56.33   126     4
29587  95.48  55.65   252    -5
29631  82.73  55.32   146     6
58208 115.62  32.17    42     3
57206 105.85  32.43   513     3
58813 116.33  26.85   143     3
57536 108.78  29.53   607     6
57517 106.25  29.28   261     0
55437  81.25  30.28  3900    -1
50834 121.22  46.60   499     4
53868 111.50  36.07   449     5
57052 110.45  34.88   354     9
58737 118.32  27.05   154     0
52943  99.98  35.58  3323    -1
57554 110.17  29.40   322     8
57671 112.37  28.85    37     4
57974 112.37  25.58   214    13
55696  92.47  28.42  3860    -2
31174 137.53  54.83     9    13
47909 129.50  28.38     8     0
48808 106.25  22.67   243     6
47570 139.92  37.48   216    -2
47655 138.20  34.60    46     4
47815 131.62  33.23    13    -3
47090 128.55  38.25    19    -2
47152 129.32  35.55    35    -3
47162 128.43  34.83    34     0
47173 127.32  35.40    91    -1
47185 126.15  33.28    75    -2
48327  98.97  18.77   314     0
44231 100.17  49.63  1283     3
48863 108.78  15.13     9     0
48352 102.73  17.85   175     1
47600 136.88  37.38     6     1
47807 130.37  33.57    15     0
48846 105.90  18.35     3     3
29771  92.08  55.35   804   -15
44212  92.08  49.80   939   -10
44232 102.70  49.38   938    11
44282 101.47  47.45  1691    -6
44287 100.68  46.13  1859    -5
44341 106.28  45.77  1393     5
44352 112.37  45.73  1101     5
48955 105.77  15.12   102     2
30664 115.62  53.53   811     8
30822 105.85  51.70   467    -6
38598  69.82  40.27   347     0
38713  68.98  39.90  1004    -3
38734  70.20  39.45  2561    -5
38878  73.97  38.17  3576    -4
38957  71.60  36.72  2523     1
42647  72.63  23.07    56    -1
29274  93.03  58.07    89     5
29282  97.45  58.38   133    -4
29477  93.27  56.48   164     0
29570  92.75  56.03   276    -1
30230 108.07  57.77   258   -18
30521 105.17  54.80   418     1
35969  67.07  45.25   138     3
43198  74.62  15.85   755    -1
43201  75.63  15.42   669     0
29772  93.43  54.35   479   -17
29367  90.67  56.97   180     4
29467  90.52  56.28   257     3
29594  98.00  55.95   306   -13
29956  89.92  52.80   449    -8
30622 105.90  53.97   521     3
29664  90.83  55.08   325     0
31825 138.40  47.60   164     3
31987 133.02  43.15   207     2
31534 131.02  50.43   273     1
31713 132.95  48.73    77     2
28655  63.32  55.23   177    10
30054 112.58  59.45   190   -13
56146 100.00  31.62  3393     4
57461 111.30  30.70   133     5
31725 133.83  48.62    52    11
29557  88.30  55.75   211     2
29915  78.65  52.97   125    10
54909 115.52  35.08    51     1
50968 127.97  45.22   189     3
50953 126.57  45.93   118     6
57710 106.40  27.80   890    -5
56793 104.47  25.72  1800     4
57896 114.50  26.33   126     4
56342  98.60  29.68  3870    -2
54218 118.83  42.30   668    -1
59007 105.07  24.07  1249     3
57947 109.40  25.22   121     9
55773  89.08  27.73  4300    -3
50557 125.23  49.17   242     8
57682 113.57  28.72   106    11
57411 106.10  30.78   309     3
57906 106.08  25.18   566     1
43221  80.08  15.48    22    -2
31152 136.15  57.65   318     1
56586 103.72  27.35  1949    -1
52418  94.68  40.15  1139    -2
57841 109.67  26.57   320     9
57957 110.30  25.32   164     6
59631 108.35  21.78    32     7
59431 108.22  22.63   121    10
59626 107.97  21.53    21     6
59046 109.40  24.35    96     7
59211 106.60  23.90   174     3
53529 107.97  39.08  1381     2
53543 109.98  39.83  1461     3
53968 111.67  35.28   505     5
53588 113.52  38.95  2208     0
52707  93.68  36.80  2767     0
52657 100.25  38.18  2787     5
42971  85.83  20.25    49     1
54063 126.00  44.97   196     2
54285 128.12  42.42   721    -1
58637 117.98  28.45   118     4
57799 114.92  27.05    71     3
58806 116.02  26.48   209     2
57761 111.30  27.75   211     7
54334 121.25  41.52    74   -12
52765 101.62  37.38  2850     2
59647 109.10  21.03    55     2
59265 111.30  23.48   114     4
54715 116.57  37.32    18     1
54525 117.28  39.73     5     4
57910 106.08  25.77  1197     3
58464 121.08  30.62     5     5
58820 117.17  26.90   342     1
59126 117.65  24.50    28     1
59113 116.72  24.73   226     6
57143 109.97  33.87   742     9
50618 118.27  48.22   642     6
52602  93.33  38.75  2770     6
53798 114.50  37.07    77    -3
54401 114.92  40.77   772    -4
54539 118.88  39.43    10    -2
59758 110.25  20.00    63     3
52679 102.67  37.92  1531     5
51495  91.73  43.22   721     6
51581  90.23  42.85   398     1
51059  85.87  47.43   984    -5
56838  97.85  24.00   762     1
56959 100.78  22.00   582     2
51709  75.98  39.47  1289    -2
51655  86.27  41.35   884     1
51076  88.08  47.73   735   -14
51238  82.07  44.90   531    -2
56492 104.60  28.80   340    -1
56287 103.00  29.98   627    -1
57595 114.50  29.60    76    11
57067 111.03  34.05   568     9
59488 113.57  22.28    51     0
56684 103.28  26.42  2110     2
56977 101.85  22.58  1120     1
56986 103.68  22.98  1414     1
58646 119.92  28.45    59     0
58760 121.15  27.83    68     0
50854 125.32  46.38   149    10
55228  80.08  32.50  4278     3
59294 113.83  23.33    30    -1
54236 122.55  42.38    79    -8
54339 123.00  41.08    77    -4
57245 109.03  32.72   290    10
57034 108.22  34.25   447     3
53845 109.45  36.58  1180     4
53513 107.37  40.73  1041    -1
54226 120.70  42.33   400   -10
58911 116.37  25.85   310     3
51467  86.33  42.77  1732    -6
52118  94.70  43.27  1728    -2
51365  87.53  44.20   440     2
51716  78.57  39.80  1116     1
54142 123.53  43.50   114    -2
59658 110.30  21.15    53     3
59087 113.52  23.88    97    -1
58135 118.22  33.48    16     2
53614 106.20  38.47  1110     3
53910 106.20  35.67  2841    -2
29937  82.77  52.52   175     2
36034  81.18  51.57   219     5
29203  76.50  58.57    80     4
29231  82.95  58.32    75    11
29332  83.75  57.57   112    11
29638  82.95  54.90   131     5
29838  83.52  53.43   185     0
30372 118.27  56.90   710     8
30554 113.57  54.43   902     3
31329 132.93  53.08   542    -1
31416 136.50  52.42    70    -1
31561 137.03  50.53    21    -2
35067  66.33  51.88   221     6
36003  76.93  52.30   122     5
36397  81.22  49.22   455     0
36639  81.62  47.12   491   -15
36870  76.93  43.23   851   -11
38328  69.70  42.32   604    -2
38439  68.00  41.37   275    -3
29654  87.63  55.20   498    -1
36229  85.62  50.27   977   -10
30173 119.80  59.00   198     3
31026 130.62  58.73   197    11
48806 103.90  21.33   676     1
35173  69.80  51.62   305     7
44230 102.00  49.57  1235    -2
44298 108.22  46.45  1286    -2
44313 118.62  47.62   688     6
44336 103.90  45.45  1316     0
30925 106.45  50.35   797    -2
31371 126.00  52.78   209     8
31655 136.57  49.45    37     2
48855 108.35  16.07     7    -1
48848 106.60  17.48     8     1
38844  69.23  38.25  2239     0
42339  73.02  26.30   221    -6
42634  69.80  23.25   117    -1
42840  72.83  21.20    10    -3
43192  73.82  15.48    64     0
36090  93.68  51.12  1042   -16
29363  92.27  57.62   179     4
29698  99.03  54.88   411    -8
29485  96.05  56.67   244    -4
29566  92.27  55.93   274    -1
29653  89.82  55.30   387     5
30337 107.62  56.32   356    -7
30603 102.05  53.93   458    -4
30612 103.07  54.00   426    -4
30627 105.53  53.10   761    -6
31960 131.92  43.12   188     4
30683 121.93  53.97   521     8
31445 128.12  51.45   200     8
38579  67.83  40.12   343    -2
38583  68.68  40.82   263     1
48838 107.97  21.52     7     7
47604 139.05  37.92     7     2
47624 139.05  36.40   114    -3
47636 136.95  35.17    56     0
47741 133.05  35.45    22    -3
47800 129.30  34.20     4    -2
38345  72.22  42.52  1218    -3
47159 129.02  35.10    70    -3
47165 126.37  34.82    39     1
48329  99.03  18.55   298     1
48382 103.07  16.23   154    -1
48413 101.10  15.65    69     4
47095 127.30  38.13   155    -3
47114 127.93  37.33   150    -5
47137 128.15  36.40    97    -2
47145 127.12  36.77    25     0
47171 126.85  35.55    46    -1
48300  97.97  19.28   274     1
48328  99.50  18.27   243    -1
48376  99.13  16.87   126    -1
45035 113.98  22.47    35     0
52661 101.08  38.80  1765    -2
52546  99.83  39.37  1332     1
56080 102.90  35.00  2910     1
53884 113.03  36.52   877     2
52876 102.83  36.33  1813    -2
57679 112.78  28.12   115     8
57662 111.68  29.12   150     3
55572  89.10  29.68  4000    -2
54476 122.15  40.17    20   -14
58362 121.45  31.40     5     1
54727 117.55  36.68   121    -1
54527 117.05  39.08     3     1
57722 107.47  27.77   792     2
58543 119.02  29.62   171     0
58549 119.65  29.12    62     1
31989 133.90  42.90    42    -1
30686 122.40  53.47   294     8
30961 115.58  50.95   639     5
58553 120.82  30.05     6     0
58556 120.82  29.60   104    -1
58936 118.70  25.37    77     2
57144 109.15  33.43   693     9
59478 112.78  22.25    32     0
52576 101.68  39.22  1510    -7
52856 100.62  36.27  2835     2
56386 103.75  29.57   424    -2
54534 118.10  39.65    23     2
54618 116.55  38.08    13    -1
58265 121.60  32.07     3     4
58047 119.23  34.25     4     3
51828  79.93  37.13  1375     3
51639  82.78  41.23   980     1
51642  84.27  41.82   982     2
51060  86.87  47.70   473   -11
56385 103.33  29.52  3047    -1
56038  98.10  32.98  4200    -3
52836  98.10  36.30  3189     1
58931 118.10  25.72  1653     0
57476 112.15  30.35    31     7
57447 109.47  30.28   457     2
57458 110.67  30.20   619     6
59287 113.48  23.22    70     1
59493 114.00  22.53    63     0
59456 110.93  22.35   141     1
50603 116.82  48.67   554     4
53362 111.68  41.53  1490     7
54213 119.02  42.93   634     9
56651 100.22  26.85  2380     6
56768 101.55  25.03  1824     2
56856 100.87  24.47  1162     1
54528 117.13  39.23     3     0
58652 120.72  28.87    83    -1
50955 126.30  45.38   166     9
50853 126.97  46.62   179     6
52983 104.15  35.87  1874     2
57014 105.87  34.57  1085     8
57037 108.98  34.93   710     4
57048 108.72  34.40   472     8
53391 114.00  41.90  1482     3
50434 121.68  50.48   732     8
50756 126.97  47.45   239     3
54416 116.87  40.38    71     6
56307  92.58  29.15  3260     0
51720  79.05  40.50  1161    -1
52313  94.67  41.53  1573     2
51470  88.12  43.88  1942    -3
54276 126.80  42.40   570    -3
59058 110.52  24.20   145     6
54337 121.12  41.13    65    -6
54353 125.05  41.73   328    -5
54365 125.35  41.28   245    -1
58356 121.00  31.40     3     2
53903 105.72  35.97  1916     7
30758 113.48  52.08   670     6
31733 135.88  48.82    58     3
28766  66.97  54.37   151     6
28867  65.55  53.32   216     5
28966  66.97  52.82   227     7
35085  70.95  52.00   384     5
36428  84.52  49.20   401   -12
36535  82.37  48.75   512    -6
29768  91.58  54.18   252    -6
29551  87.68  56.18   144     5
31016 128.50  58.63   230    10
28978  68.75  52.53   398     7
44237 101.38  48.53  1509    -5
44239 103.55  48.80  1208     6
44294 107.48  47.30  1430     4
44314 115.63  47.17   907    11
30650 112.78  53.20   922    -1
31388 129.92  52.35   207     7
31624 133.23  49.40   201     5
38744  71.87  39.28  1198     0
38836  68.73  38.58   800    -1
38951  71.55  37.95  1981     1
42867  79.05  21.10   310     3
30710 104.32  52.27   469    -6
57395 114.12  31.57    74     6
58500 115.20  29.85    45     7
56093 104.02  34.43  2315    -1
52996 105.02  35.38  2450    -2
54808 115.63  36.23    37    -3
50963 128.73  45.97   108     3
56228  96.92  30.05  3260     2
50727 119.93  47.17   997     8
55578  88.88  29.25  3836     1
57972 113.03  25.80   184    10
31961 131.97  43.88    36     1
43086  79.43  18.77   160     3
43213  78.07  15.80   289     0
29581  95.63  56.20   202    -6
29752  88.82  54.75  1188     1
29869  92.40  53.27   297   -12
54342 123.52  41.73    49    -6
56251 100.32  30.93  3000     2
57604 105.38  28.78   368     1
57907 104.90  25.08  1299     1
57625 107.45  28.55   679     3
57839 109.15  26.23   568     9
56778 102.65  25.00  1888     3
54774 122.13  37.47    65     0
52884 103.95  36.35  1668     4
57779 113.35  27.00   102     6
56693 104.87  26.58  1815     3
53859 110.67  36.10   851     5
52868 101.43  36.03  2237     0
58150 120.25  33.77     2     3
58215 116.78  32.43    25     6
31295 125.82  53.47   363     6
31801 136.18  47.67   180    -2
31137 131.13  56.28   849     9
30838 108.87  51.32   805     9
38178  64.33  43.15   236    -6
38403  62.47  41.75    97    -3
48307 100.87  19.40   334     1
48409 104.32  15.08   129     1
38616  72.90  40.70   868     1
47105 128.88  37.75    27    -3
47115 130.88  37.47   224     0
47102 124.62  37.95   146     2
47127 127.95  36.97   116    -4
47170 126.70  34.38    36     1
47175 126.32  34.47   477     2
48407 104.87  15.25   123     2
44214  89.93  48.93  1715   -12
44277  96.25  46.40  2181   -14
48375  98.53  16.70   197     2
48334  99.30  18.32   319     0
48360 102.42  17.22   228    -1
