diamond  3 2014年01月05日14时最低温度                        
  14  01  05  14 1000  1  35  1  0  0  1  2431
 50618  118.27   48.23     642  -21.9
 50645  124.48   48.48     195  -29.4
 50647  123.48   48.13     236  -21.6
 50742  124.48   47.80     162  -28.2
 50767  127.10   47.23     202  -34.4
 50776  130.83   47.57      83  -30.2
 50838  122.05   46.08     274  -18.4
 50850  125.13   46.57     147  -23.9
 50852  126.45   46.82     169  -31.0
 50937  121.48   45.06     282  -15.2
 50958  126.93   45.53     168  -30.7
 50962  128.03   45.95     112  -33.1
 50963  128.73   45.97     108  -31.2
 50971  131.02   45.77     223  -28.3
 50985  131.87   45.55     151  -25.6
 50987  131.09   45.26     219  -22.8
 51369   87.65   43.97     600  -14.7
 51431   81.33   43.95     662   -3.9
 51463   87.65   43.78     935  -11.9
 51468   86.83   43.10    3539  -20.8
 51477   88.32   43.35    1103  -13.6
 51804   75.23   37.77    3090  -20.7
 51839   82.72   37.07    1409   -9.7
 51855   85.55   38.15    1247  -10.7
 51886   90.85   38.25    2944  -19.0
 52446   99.52   40.30    1177  -14.3
 52447   98.88   40.00    1270  -12.9
 52546   99.83   39.37    1332  -12.7
 52652  100.28   39.08    1461  -15.6
 52855  101.25   36.68    2675  -18.4
 52862  101.68   36.95    2450  -15.1
 52866  101.75   36.73    2295  -17.6
 52869  101.58   36.50    2667  -12.3
 52885  103.25   36.75    2118  -12.3
 52889  103.88   36.05    1517   -9.4
 52980  103.30   35.97    1648  -10.5
 52996  105.02   35.38    2450   -7.7
 52998  104.20   35.13    2111  -10.3
 53192  114.95   44.02    1126  -17.7
 53336  108.52   41.57    1288  -16.4
 53385  113.54   41.60    1420  -18.1
 53392  114.60   41.85    1422  -19.2
 53457  110.03   40.40    1011  -15.0
 53463  111.57   40.85    1153  -13.5
 53478  112.45   40.00    1345  -22.1
 53480  113.07   41.03    1419  -16.0
 53513  107.37   40.73    1041  -15.8
 53522  107.83   40.05    1180  -17.5
 53553  111.22   39.87    1221  -13.2
 53567  111.00   39.02    1024  -12.3
 53588  113.52   38.95    2208  -13.0
 53646  109.78   38.27    1157  -13.1
 53659  111.00   37.97    1163  -10.2
 53662  111.58   38.72    1396  -16.2
 53699  114.95   38.18      45   -5.1
 53705  105.68   37.48    1183  -12.1
 53732  108.72   37.85    1209  -19.6
 53784  114.78   37.75      38   -3.6
 53791  114.52   37.77      66   -3.7
 53795  114.37   37.65     137   -5.3
 53797  114.52   37.28      73   -4.0
 53874  111.90   36.25     648  -10.0
 53880  113.23   36.33     947  -11.2
 53893  114.95   36.77      39    1.6
 53896  114.95   36.35      50   -5.2
 53906  105.72   35.52    1656  -13.6
 53916  106.32   35.50    1948   -7.4
 53927  106.62   35.20    1477  -10.8
 53929  107.80   35.20    1206   -9.6
 53964  111.22   35.62     430   -6.3
 53965  111.57   35.52     761   -4.9
 53980  114.80   36.55      50   -4.6
 53986  113.88   35.32      73   -1.9
 53990  114.32   35.72      79   -5.3
 53992  114.52   35.65      58   -5.3
 54012  117.64   44.57    1001  -21.1
 54027  119.40   43.98     486  -16.7
 54039  122.02   44.03     181  -17.1
 54069  125.80   44.17     174  -22.9
 54076  126.93   44.38     268  -25.4
 54080  127.15   44.90     194  -27.6
 54092  129.40   44.60     292  -29.3
 54117  117.53   43.25    1003  -17.2
 54122  120.05   43.88     374  -18.4
 54132  121.07   42.40     400   -9.5
 54142  123.53   43.50     114  -15.7
 54156  124.80   43.52     200  -17.3
 54169  126.02   43.30     271  -21.7
 54248  123.53   42.03      61  -11.1
 54254  124.05   42.53      98  -12.8
 54284  127.50   42.15     774  -23.5
 54290  129.40   42.77     241  -23.3
 54308  116.63   41.20     735  -14.0
 54325  120.35   41.18     183   -7.1
 54326  119.63   41.41     462   -9.7
 54330  121.33   41.13      45   -6.1
 54338  121.95   41.28       3   -7.7
 54374  126.88   41.80     379  -20.0
 54412  116.63   40.73     331  -14.4
 54419  116.63   40.37      75   -8.8
 54431  116.63   39.92      43   -4.0
 54432  118.48   40.60     304   -9.1
 54475  122.48   40.62      11   -5.3
 54483  123.90   40.88     233  -10.6
 54514  116.25   39.87      55   -4.2
 54525  117.28   39.73       5   -7.6
 54540  119.20   39.73      17   -6.8
 54563  122.02   39.63     118   -4.7
 54569  121.95   39.42      11   -5.8
 54597  115.73   39.73     407   -8.2
 54606  115.73   38.23      19   -4.8
 54608  115.55   38.00      26   -3.5
 54631  115.15   37.07      32   -4.9
 54633  115.23   37.52      26   -4.4
 54708  115.73   37.50      23   -5.2
 54719  116.68   38.03      11   -4.1
 54725  117.53   37.50      11   -5.1
 54778  122.48   37.17      61   -3.0
 54802  115.73   36.82      34   -5.3
 54814  116.25   36.53      29   -3.8
 54825  117.85   36.52     189    0.4
 54831  118.50   36.65     102   -4.2
 54841  119.42   36.86      23   -3.0
 54843  119.20   36.75      22   -2.5
 54846  119.74   36.39      51   -1.1
 54861  121.53   36.93      45   -5.2
 54871  122.48   36.93       9   -2.7
 54908  115.10   35.27      57   -2.1
 54920  117.28   35.65     110   -2.2
 54939  118.82   35.17     113   -1.4
 54940  119.20   35.75     148   -1.0
 55228   80.08   32.50    4278  -20.7
 55696   92.47   28.42    3860  -11.2
 56016   95.62   33.85    4179  -18.0
 56021   95.80   34.12    4175  -19.7
 56033   98.22   34.92    4272  -20.4
 56074  102.08   34.00    3471  -11.8
 56081  103.35   34.70    2810  -13.1
 56094  104.37   33.78    1400   -2.6
 56097  104.25   33.27    1440   -2.8
 56106   93.78   31.88    4022  -16.3
 56109   93.78   31.48    3940  -12.7
 56128   96.60   31.22    3810  -13.6
 56152  100.33   32.28    3893  -19.3
 56173  102.55   32.80    3491  -21.7
 56181  103.70   30.68     541    2.7
 56185  102.98   32.08    2400   -8.5
 56186  104.20   31.33     589    3.9
 56272  103.88   30.82     558    1.8
 56286  104.25   30.55     515    4.6
 56296  104.43   30.85     448    3.3
 56387  103.27   29.23     642    3.5
 56390  104.07   29.67     404    4.6
 56394  104.43   29.45     384    4.8
 56478  102.43   28.30    1818   -1.2
 56485  103.58   28.27    1255   -0.6
 56491  104.57   28.70     287    3.9
 56497  104.23   28.10     448    4.0
 56567  100.85   27.30    2240   -5.7
 56575  102.55   27.37    1428    2.5
 56584  103.25   27.70    1093    3.7
 56643   98.85   25.87     949    5.5
 56673  102.92   26.92     893    6.8
 56674  101.73   26.50    1108    3.5
 56675  102.58   26.65    1694   -1.7
 56746   99.52   25.47    1616   -2.6
 56757  100.28   25.27    1742   -2.0
 56781  103.27   25.55    1873    1.3
 56783  103.80   25.50    1906    5.0
 56790  104.25   25.68    1925   -0.5
 56835   97.82   24.07     959    2.2
 56849   99.23   24.03    1606    6.7
 56875  102.55   24.33    1716    3.7
 56881  103.27   24.75    1695    5.3
 56975  102.43   23.37     974   11.3
 57006  105.75   34.58    1141   -6.3
 57037  108.98   34.93     710   -4.2
 57042  109.18   34.78     470   -6.3
 57045  109.48   34.52     349   -3.6
 57046  110.08   34.48    2064   -1.6
 57048  108.72   34.40     472   -6.4
 57055  110.08   34.55     351   -6.1
 57070  112.12   34.73     364   -1.5
 57076  112.78   34.73     189   -0.5
 57080  112.97   34.73     165   -2.9
 57084  113.05   34.49    1178    1.4
 57096  114.78   34.53      59   -2.5
 57099  114.85   34.07      52   -2.1
 57102  105.72   33.75     970   -5.9
 57127  107.03   33.07     509   -1.5
 57154  110.90   33.53     523   -3.6
 57181  113.05   33.88     136   -5.0
 57192  114.85   33.73      45    0.3
 57193  114.52   33.78      52   -1.5
 57208  105.52   32.28     544    0.5
 57248  109.33   32.40     431   -3.2
 57274  112.12   32.70     107   -3.0
 57299  114.90   32.02      49   -4.0
 57308  105.38   31.22     421    1.6
 57309  105.88   30.98     378    1.8
 57317  106.42   31.03     324    2.7
 57351  111.00   30.83     206    3.1
 57352  111.00   30.80     185    2.9
 57353  111.00   30.83     191    4.6
 57396  114.85   31.63     128   -0.8
 57399  114.95   31.13      74   -0.8
 57402  105.70   30.77     394    1.2
 57413  106.97   30.85     295    1.3
 57426  107.80   30.68     454    1.1
 57439  108.93   30.28    1074   -2.4
 57498  114.90   30.43      21    0.5
 57502  105.70   29.70     394    4.0
 57513  106.62   29.73     464    6.3
 57516  106.47   29.58     259    5.9
 57541  109.48   30.00     532    1.2
 57543  110.03   29.90     539    1.5
 57564  111.13   29.43     103    2.4
 57582  113.88   29.72      46    1.8
 57590  114.37   29.85      98    0.5
 57604  105.38   28.78     368    5.6
 57609  105.70   28.58     317    4.8
 57614  106.22   28.34    1180    4.5
 57623  107.60   28.88     685    1.3
 57635  108.98   28.45     363    4.0
 57643  109.83   29.00     268    0.3
 57647  109.18   28.15     406    1.9
 57655  110.40   28.47     151    2.4
 57662  111.68   29.12     150    4.0
 57669  111.22   28.38     128   -0.3
 57688  113.63   28.16     101   -1.6
 57696  114.78   28.40      91   -1.0
 57698  114.45   28.12      98   -1.1
 57719  106.97   27.07    1275    5.4
 57720  107.17   27.88     889    3.4
 57741  109.18   27.72     282    4.2
 57760  111.43   27.70     249    1.4
 57766  111.45   27.18     311    2.1
 57771  112.53   27.93      88   -1.7
 57773  112.83   27.87      63   -0.4
 57798  114.60   27.40      85    0.6
 57807  105.47   26.21    1361    5.5
 57808  105.75   26.32    1274    4.3
 57809  105.75   26.07    1251    6.0
 57813  106.47   26.57    1261    4.7
 57829  107.80   26.20     963    6.2
 57835  108.43   26.72     527    3.6
 57841  109.67   26.57     320    1.1
 57844  109.18   26.68     343    2.5
 57845  109.78   26.17     397   -0.2
 57857  110.32   26.37     477    1.7
 57865  111.58   26.47     166    2.8
 57895  114.78   26.47     101    0.2
 57956  110.32   25.42     167    4.8
 57958  110.32   25.08     151    0.8
 57995  114.93   25.40     164    1.3
 58001  115.10   34.43      56   -4.2
 58004  115.15   34.65      60   -2.5
 58021  117.28   34.78      80   -0.1
 58038  118.78   34.08      10   -1.4
 58147  118.97   32.98      24   -1.1
 58203  115.73   32.87      32   -3.4
 58221  117.30   32.85      26   -2.1
 58236  118.25   32.35      33   -4.1
 58321  117.30   31.78      27   -1.1
 58327  117.28   31.27      45    0.4
 58336  118.57   31.70      80    0.9
 58342  119.55   31.72       6   -2.3
 58344  119.20   31.97      36   -2.2
 58354  120.35   31.62       3   -0.6
 58370  121.53   31.23       4   -0.5
 58429  117.85   30.98      11   -0.8
 58450  120.05   30.87       7   -2.6
 58463  121.50   30.88       4   -1.6
 58519  116.68   29.00      40    2.3
 58529  117.85   29.27      80   -2.5
 58562  121.55   29.78       5    1.0
 58569  121.95   29.20     128    3.5
 58600  115.37   28.87      78    2.5
 58602  115.55   28.85      40   -2.2
 58608  115.55   28.07      30    1.5
 58612  116.68   28.70      21    1.0
 58631  118.50   28.90     137    0.3
 58634  118.25   28.68     116   -0.4
 58647  119.13   28.08     222   -2.3
 58656  120.97   28.07      60    4.5
 58665  121.42   28.62       4    3.4
 58666  121.90   28.45      86    6.0
 58701  115.24   27.46      46   -0.9
 58730  118.03   27.77     222   -0.5
 58736  118.82   27.38     262   -1.6
 58818  116.63   26.23     358   -2.8
 58848  119.55   26.20      13    5.0
 58900  114.95   25.85     123    2.9
 58906  115.80   25.60     167   -0.6
 58926  117.42   25.30     205    2.1
 58928  117.53   25.02     166    3.0
 59004  105.10   24.50     725    5.2
 59021  107.03   24.55     509    4.9
 59047  109.33   24.25     100    6.1
 59055  110.40   24.50     165    3.9
 59087  113.52   23.88      97    5.1
 59099  114.93   24.45     173    1.6
 59109  115.73   24.15     123    4.2
 59125  117.30   24.38     108    6.1
 59137  118.57   24.82      56   11.1
 59211  106.61   23.90     174    8.1
 59218  106.42   23.13     739    7.3
 59229  107.70   23.17     125    7.4
 59246  109.67   23.60      70    5.8
 59254  110.08   23.40      42    8.4
 59278  112.45   23.03      41    9.6
 59284  113.23   23.42      38    9.0
 59298  114.37   23.07     108   10.5
 59303  115.75   23.92     135    4.3
 59316  116.68   23.40       2   10.6
 59451  110.35   22.70      98    9.2
 59473  112.97   22.77      19   11.1
 59477  112.23   22.27      68    6.5
 59478  112.78   22.25      32   12.0
 59501  115.37   22.80      16   12.1
 59626  107.95   21.56      56   10.1
 59640  109.18   21.67       5   12.4
 59664  111.00   21.55      31   11.2
 59849  109.83   19.03     250   12.6
 59948  109.59   18.23     419   16.2
 59954  110.03   18.55      35   17.4
 50136  122.52   52.97     438  -36.6
 50514  117.32   49.58     661  -30.0
 50564  127.35   49.43     234  -31.0
 50646  124.85   48.48     202  -31.1
 50655  126.18   48.50     266  -37.0
 50758  125.90   47.18     246  -25.4
 50832  122.08   46.72     332  -21.7
 50854  125.32   46.38     149  -26.1
 50858  125.93   46.07     135  -28.8
 50859  126.28   46.29     169  -30.6
 50861  127.48   46.89     182  -35.2
 50867  127.35   46.08     134  -32.3
 50877  129.58   46.30     100  -25.8
 50913  118.83   45.72     865  -22.3
 50915  116.97   45.52     838  -24.1
 50940  123.17   45.85     141  -20.0
 50950  125.25   45.70     148  -25.8
 50954  125.08   45.50     127  -24.7
 50965  128.27   45.43     167  -34.8
 51068   87.47   47.12     500  -20.4
 51186   90.38   46.67    1218  -14.7
 51243   84.85   45.62     449  -20.2
 51288   90.53   45.37    1653  -12.5
 51365   87.53   44.20     440  -22.0
 51433   82.52   43.80    1105   -6.6
 51434   81.53   43.97     770   -4.5
 51437   81.13   43.15    1851  -12.6
 51568   86.80   42.25    1085  -19.3
 51571   88.63   42.80       1  -14.8
 51581   90.23   42.85     398  -14.8
 51701   75.40   40.52    3504  -18.8
 51707   76.73   39.50    1208  -12.0
 51777   88.17   39.03     887  -14.6
 51827   79.63   37.17    1348  -16.8
 52313   94.67   41.53    1573  -19.0
 52424   95.78   40.53    1170  -16.1
 52495  104.80   40.16    1323  -15.7
 52575  102.78   39.42    1239  -17.6
 52674  101.97   38.23    1976  -14.1
 52675  102.20   38.53    1508  -11.3
 52713   95.35   37.85    3173  -19.9
 52765  101.62   37.38    2850  -22.6
 52856  100.62   36.27    2835  -16.9
 52874  102.40   36.48    1980  -11.7
 52876  102.83   36.34    1813   -8.3
 52908   93.08   35.22    4612  -19.9
 53343  109.97   41.77    1612  -15.6
 53378  112.62   41.28    1737  -17.9
 53464  111.17   40.72    1042  -13.2
 53467  111.18   40.27    1016  -12.1
 53512  106.80   39.80    1105  -14.1
 53519  106.77   39.22    1092  -12.0
 53576  112.82   39.50    1045  -13.6
 53578  112.43   39.37    1114  -15.3
 53612  106.18   37.98    1128   -9.9
 53660  111.08   39.02     894  -12.7
 53664  111.13   38.47    1012  -12.1
 53681  113.37   38.83    1096  -14.5
 53688  114.55   38.42     100   -7.7
 53694  114.22   38.27     131   -3.8
 53748  109.70   37.18    1063  -12.1
 53750  110.18   37.77     931  -14.2
 53767  111.17   37.33    1213  -11.2
 53781  114.47   36.87      67   -7.2
 53794  114.75   37.35      33   -3.2
 53806  105.65   36.57    1854   -8.2
 53850  110.18   36.88     804  -12.0
 53857  110.18   36.07     840  -11.3
 53859  110.67   36.10     851  -10.7
 53860  111.17   36.98    1406  -10.6
 53865  111.55   36.65    1011   -4.0
 53885  113.20   36.12    1122   -5.2
 53892  114.47   36.62      66   -2.3
 53942  109.41   35.77    1155  -11.2
 53944  109.25   35.57     863  -10.9
 53959  111.05   35.05     365   -4.9
 53963  111.37   35.65     433   -7.0
 53987  113.36   35.11      94   -1.9
 53989  113.98   35.08      75   -3.9
 53993  114.92   35.93      51   -4.0
 54024  119.30   44.45     710  -20.3
 54031  121.82   44.90     198  -19.4
 54064  125.15   44.38     170  -26.2
 54098  129.47   44.33     267  -30.6
 54175  126.62   43.42     537  -18.1
 54204  115.00   42.30    1346  -16.0
 54223  120.65   42.85     362  -11.2
 54260  125.08   42.92     252  -18.0
 54274  125.99   42.69     306  -23.3
 54304  115.27   40.95    1239  -17.0
 54316  118.75   41.52     679  -11.3
 54320  119.30   41.60     544  -11.4
 54328  119.72   41.08     296   -8.5
 54333  122.85   41.97      30   -8.5
 54335  122.08   41.68      37   -8.2
 54342  123.52   41.73      49  -10.6
 54347  123.17   41.23      24   -6.7
 54363  125.90   41.68     402  -17.5
 54399  116.28   39.98      45   -5.6
 54401  114.92   40.77     772   -9.2
 54404  115.83   40.88     867  -12.1
 54437  118.62   39.51      18   -8.0
 54439  118.72   40.02      50   -6.3
 54449  119.52   39.85       2   -8.2
 54455  120.65   40.62      20   -4.6
 54471  122.17   40.65       3   -5.9
 54502  116.03   39.48      29   -7.0
 54511  116.47   39.80      31   -5.9
 54512  116.28   39.42      21   -8.7
 54531  118.72   39.73      43   -4.7
 54541  119.23   39.90      24   -5.4
 54594  116.35   39.72      37   -5.8
 54603  115.77   38.72      10   -7.5
 54607  115.12   38.72      45   -8.3
 54621  115.18   38.18      38   -5.1
 54623  117.72   39.05       4   -4.3
 54660  121.23   38.82      66    0.4
 54711  116.28   37.70      18   -4.5
 54716  116.80   37.67      16   -5.9
 54718  116.47   37.15      22   -4.4
 54731  118.22   37.48      11   -3.0
 54764  121.23   37.48      53   -3.0
 54766  121.59   37.43      39   -2.6
 54807  115.77   36.15      41   -4.8
 54809  115.28   36.55      41   -5.9
 54810  116.27   36.87      27   -4.6
 54815  116.27   36.38      31   -5.3
 54816  116.80   36.52      98   -0.4
 54819  116.80   36.18     113   -3.5
 54826  117.10   36.25    1533   -7.6
 54827  117.15   36.17     128   -4.0
 54837  118.83   36.68      78   -4.3
 54842  119.99   36.79      62   -4.5
 54853  120.42   36.17      42    1.5
 54902  115.12   35.90      49   -4.5
 54918  116.97   35.60      62   -1.6
 54936  118.83   35.57     107   -4.3
 55299   92.07   31.48    4507  -18.2
 55472   88.63   30.95    4672  -13.2
 55578   88.88   29.25    3836   -7.2
 55585   90.17   29.43    3809   -9.4
 55597   91.68   29.03    3740   -5.8
 55598   91.77   29.27    3560   -5.4
 56018   95.28   32.88    4066  -15.8
 56125   96.47   32.20    3643  -11.1
 56137   97.17   31.15    3315  -10.0
 56158  100.67   31.40    3250  -12.7
 56178  102.35   31.00    2438   -5.9
 56180  103.85   31.68    1590   -2.9
 56195  104.73   31.80     543    0.6
 56196  104.73   31.45     522    2.9
 56278  102.77   30.07     755    3.1
 56280  103.12   30.08     691    4.4
 56288  103.92   30.58     494    2.7
 56374  101.97   30.05    2615   -6.3
 56378  102.35   29.23     890    7.1
 56380  103.35   29.88     571    5.6
 56443   99.80   28.93    2842   -3.8
 56449   99.73   28.02    3554   -7.9
 56459  101.27   27.93    2426    0.2
 56473  102.77   28.95    1060   -0.2
 56499  104.78   28.38     368    4.0
 56533   98.67   27.75    1583   -0.6
 56580  102.80   27.72    2460   -0.6
 56595  104.87   27.42    1645   -0.5
 56596  105.05   27.85    1177    0.8
 56598  104.73   27.13    1535   -0.2
 56664  101.27   26.63    1230    2.2
 56693  104.87   26.58    1815    2.7
 56756  100.58   25.48    1992    5.5
 56767  101.28   25.18    1857   -2.4
 56786  103.83   25.58    1898    4.9
 56836   97.95   24.70     826    3.9
 56869  101.97   24.07    1497    4.4
 56876  102.77   24.28    1731    3.1
 56898  102.41   24.18    1600    3.6
 56950   99.80   23.47    1044    2.6
 56952  100.70   23.50     913    5.9
 56966  101.98   23.60     400   14.1
 56973  102.83   23.62    1309    6.3
 56976  102.83   23.23     232   13.2
 56986  103.68   22.98    1414    7.7
 57002  105.65   34.85    1216   -8.5
 57030  108.15   34.70     994   -4.4
 57043  109.97   34.80     351   -6.5
 57067  111.03   34.05     568   -8.4
 57071  112.43   34.82     333   -0.1
 57091  114.30   34.78      73    0.2
 57094  114.22   34.40      67   -2.6
 57140  109.12   33.67     818   -7.5
 57143  109.97   33.87     742   -5.0
 57153  110.33   33.68     581   -5.4
 57162  112.07   34.13     440   -2.1
 57169  111.87   33.05     159   -3.2
 57175  112.23   33.05     191   -4.6
 57177  113.53   33.33      89   -1.8
 57180  113.20   33.98     117   -3.3
 57237  108.03   32.07     674   -1.8
 57251  110.42   33.00     249   -3.1
 57268  111.62   32.27     120   -0.8
 57307  105.08   31.10     404    3.1
 57313  106.77   31.87     417    0.5
 57320  107.22   31.93     482   -0.7
 57333  108.67   31.95     798   -4.0
 57362  110.67   31.75     935   -3.6
 57405  105.55   30.50     355    3.9
 57407  105.03   30.28     462    4.5
 57437  108.03   30.30     325    4.6
 57458  110.67   30.20     619   -0.7
 57461  111.37   30.73     256    3.7
 57462  111.08   30.87     139    2.5
 57464  111.18   30.47     142    2.1
 57507  105.30   29.33     385    5.3
 57518  106.50   29.33     506    5.7
 57603  105.83   28.82     283    4.5
 57637  108.10   28.25     629    4.1
 57646  109.95   28.62     302    0.5
 57680  113.07   28.80      46   -0.1
 57699  114.92   28.23      66    0.7
 57718  106.72   27.10    1112    5.0
 57749  110.00   27.57     257    2.9
 57799  114.92   27.05      71    1.0
 57832  108.67   26.97     626    1.6
 57866  111.62   26.23     172    3.4
 57899  114.92   26.80      71    2.0
 57915  106.77   26.63    1104    3.7
 57916  106.77   25.43     440    7.1
 57942  110.00   25.80     268    1.9
 57948  109.25   25.08     122    5.4
 57949  110.00   24.98     156    2.3
 57954  110.18   25.23     157    3.5
 57955  110.67   25.62     224    2.8
 57990  114.30   25.70     246    0.3
 57992  114.75   25.67     127    0.5
 57993  115.00   25.87     137    0.9
 58002  115.58   34.85      49   -3.5
 58016  116.97   34.18      34   -3.9
 58027  117.16   34.29      41    0.6
 58102  115.77   33.87      37   -1.4
 58107  115.28   33.02      35   -2.6
 58135  118.22   33.48      16   -2.5
 58140  119.30   33.77       9   -2.8
 58210  116.23   32.65      25   -1.2
 58214  116.28   32.33      32    0.4
 58220  117.15   32.47      28   -2.3
 58235  118.85   32.37      10   -2.9
 58238  118.90   31.93      35   -1.3
 58245  119.42   32.41       9   -1.1
 58254  120.45   32.52       5   -0.6
 58257  120.26   31.99       4    2.7
 58319  116.95   31.07      85   -0.8
 58331  118.37   31.73      22   -2.8
 58334  118.37   31.38       9   -2.1
 58339  118.90   31.33      15   -1.1
 58353  120.57   31.87       8    0.6
 58424  116.97   30.62      62   -1.6
 58433  118.75   30.93      31   -2.1
 58455  120.65   30.52      88    0.9
 58462  121.23   31.03       4   -0.4
 58464  121.12   30.65       4   -0.8
 58484  122.20   30.25      37    3.7
 58508  115.77   29.33      41   -2.6
 58510  116.23   29.73      40   -0.7
 58520  117.72   29.85     142   -4.3
 58542  119.68   29.82      46   -0.6
 58614  116.27   28.38      34    2.5
 58620  117.10   29.02      51   -1.6
 58633  118.90   29.00      82   -0.4
 58648  119.54   28.02     246   -0.1
 58659  120.65   28.03      28    4.2
 58693  115.83   28.70      40    5.0
 58706  115.83   27.43     181   -0.9
 58714  116.23   27.55     120   -2.7
 58724  117.32   27.53     268   -4.6
 58735  118.75   27.52     260   -1.6
 58751  120.57   27.67     254    4.3
 58752  120.65   27.78      39    5.0
 58806  116.01   26.48     209    0.0
 58814  116.35   26.35     247   -1.6
 58820  117.17   26.90     342   -2.4
 58824  117.15   26.40     357   -2.0
 58846  119.52   26.67      32    7.0
 58850  120.23   26.92      92    7.3
 58903  116.03   25.90     210   -0.4
 58932  118.93   25.87      85    2.5
 58934  118.27   25.33     170    4.1
 59015  106.57   24.35     437    9.7
 59023  108.03   24.70     260    6.7
 59027  107.25   24.13     254    6.2
 59031  108.26   24.81     342    5.9
 59034  108.67   24.48     150    5.9
 59041  109.25   24.65     108    5.2
 59053  110.67   24.62     105    4.9
 59057  110.18   24.13     830    4.9
 59107  115.28   24.12     179    4.8
 59131  118.37   24.97      45    8.5
 59209  105.83   23.42     794    9.0
 59237  108.28   23.17     111    8.8
 59271  112.43   23.63      57    4.4
 59287  113.48   23.22      70    6.8
 59304  115.18   23.63     176    3.0
 59306  115.85   23.45      80    6.3
 59421  107.20   22.83     255    8.7
 59426  107.92   22.61     146    8.3
 59441  109.25   22.70      78    7.5
 59754  110.18   20.33      55   12.4
 59843  110.00   19.73      31   10.0
 59851  110.34   19.67      53   11.7
 59945  109.70   18.65      68   14.7
 59951  110.33   18.80      39   14.4
 59985  111.62   16.53       4   22.1
 50137  122.37   53.47     296  -36.9
 50349  124.40   51.67     501  -36.2
 50442  124.12   50.40     371  -28.9
 50525  119.75   49.15     620  -26.1
 50557  125.23   49.17     242  -33.8
 50632  121.92   48.77     739  -19.5
 50673  130.40   48.88      90  -38.7
 50741  123.50   47.93     185  -23.3
 50750  125.30   47.90     226  -29.8
 50788  131.98   47.23      66  -28.7
 50833  122.90   46.72     187  -21.9
 50844  123.45   46.40     138  -25.3
 50871  129.88   46.73      95  -26.5
 50888  132.18   46.32      83  -27.2
 50934  121.58   45.38     311  -16.9
 51053   86.40   48.05     532  -26.3
 51060   86.87   47.70     473  -22.9
 51087   89.52   46.98     807  -18.9
 51145   83.65   46.55     521  -17.5
 51377   87.92   44.17     547  -18.7
 51465   87.10   43.48    1871  -16.9
 51542   84.15   43.03    2458  -34.1
 51559   86.40   42.32    1100  -18.4
 51573   89.20   42.93      34  -11.9
 51639   82.78   41.23     980  -13.7
 51644   82.97   41.72    1081  -14.9
 51765   87.70   40.63     846  -18.1
 51826   80.80   37.02    1336  -10.2
 51828   79.93   37.13    1375   -9.4
 52378  102.38   41.38     960  -16.3
 52418   94.68   40.15    1139  -10.2
 52607  106.65   39.43    1252   -9.0
 52679  102.67   37.92    1531  -12.2
 52797  104.05   37.18    1630  -10.9
 52842   99.08   36.78    3087  -21.5
 52963  102.02   35.93    2085  -10.1
 52974  102.02   35.52    2491   -9.8
 52978  102.52   35.20    2929  -14.1
 53083  114.15   44.62    1181  -22.7
 53149  110.13   42.53    1225  -15.8
 53272  112.63   42.75    1104  -16.0
 53362  111.69   41.52    1490  -16.7
 53481  113.22   40.80    1316  -16.8
 53484  113.15   40.45    1191  -16.4
 53502  105.75   39.78    1031  -17.1
 53543  109.98   39.83    1461   -8.9
 53547  109.03   39.10    1312  -19.6
 53573  112.70   40.00    1336  -15.5
 53575  112.20   39.10    1525  -15.5
 53585  113.27   39.17     933  -11.0
 53603  106.37   38.83    1095  -13.1
 53617  106.08   38.03    1118  -12.9
 53673  112.72   38.73     828   -7.7
 53674  112.70   38.40     869  -10.5
 53689  115.07   38.02      42   -2.2
 53696  115.02   38.55      41   -7.9
 53698  114.36   38.07     103   -4.2
 53735  108.80   37.62    1336   -9.5
 53753  110.88   37.43     860  -10.2
 53759  110.83   36.98    1106   -9.2
 53764  111.11   37.51     950  -11.0
 53770  112.35   37.35     768   -9.8
 53778  112.22   37.17     780   -8.8
 53782  113.62   37.93     767   -7.9
 53786  113.33   37.09    1152  -17.1
 53832  108.77   36.77    1218  -14.0
 53848  109.35   36.27    1005  -13.8
 53852  110.63   36.77     916  -12.4
 53875  112.35   36.52    1000  -13.5
 53888  113.43   36.20    1089   -8.9
 53894  114.20   36.40     149   -1.9
 53898  114.14   36.05     194   -1.4
 53908  105.23   35.22    1768  -13.7
 53913  106.63   35.85    1478  -14.4
 53923  107.63   35.73    1421   -4.1
 53928  107.02   35.30    1149   -9.1
 53937  107.92   35.52     979  -13.2
 53956  110.83   35.40     588   -6.5
 53961  111.48   35.65     472   -7.9
 53970  112.20   35.70     887   -9.2
 53978  112.63   35.08     140   -4.7
 53979  113.08   35.15     120   -0.2
 53981  113.27   35.78    1311   -6.3
 53982  113.27   35.23     112   -0.2
 53994  114.07   35.38      70   -1.9
 54072  126.52   44.85     196  -27.9
 54115  118.04   43.64     825  -21.3
 54135  122.27   43.60     178  -12.5
 54154  124.30   43.35     160  -15.9
 54171  126.52   43.70     229  -24.4
 54234  121.75   42.73     297  -11.6
 54237  121.75   42.07     167  -12.0
 54243  124.12   42.78     165  -11.1
 54252  124.75   42.73     196  -20.2
 54263  126.05   42.97     336  -22.6
 54273  126.75   42.98     263  -24.5
 54318  117.73   41.32     561  -14.5
 54331  121.75   41.60     113   -7.6
 54420  117.33   40.93     529  -14.0
 54421  117.12   40.65     293   -9.4
 54423  117.92   40.97     422  -11.2
 54424  117.12   40.17      32  -10.0
 54430  118.15   40.77     269  -11.6
 54433  116.50   39.95      35   -4.9
 54470  122.07   41.02       5   -6.4
 54510  116.95   39.91      18   -7.3
 54517  117.20   39.07       2   -2.1
 54522  117.73   39.88      14   -8.7
 54526  117.33   39.08       1   -4.0
 54535  118.47   39.28       3   -4.6
 54568  121.75   39.05      90   -0.8
 54575  122.37   39.42      43   -4.6
 54590  124.17   39.88       4   -5.8
 54601  115.65   38.98      13   -9.7
 54609  115.59   38.23      22   -5.6
 54614  116.06   38.42      10   -6.9
 54615  116.85   38.58       8   -6.3
 54616  116.85   38.35       8   -6.5
 54620  115.57   38.48      18   -7.3
 54622  117.37   38.98       3   -5.0
 54644  117.12   38.05      10   -3.6
 54704  115.57   37.52      24   -6.5
 54709  116.07   37.22      25   -5.6
 54714  116.33   37.45      23   -2.7
 54715  116.56   37.32      18   -5.2
 54723  117.57   37.65      10   -5.1
 54728  117.38   37.77       8   -3.9
 54737  118.15   37.15       9   -4.4
 54744  118.55   37.58       8   -2.1
 54777  122.07   37.20     118   -2.8
 54821  117.20   37.00      20   -5.6
 54822  117.73   36.87      47   -2.8
 54823  117.00   36.60     170   -0.2
 54832  118.73   36.88      25    0.1
 54835  118.55   36.50     106   -2.9
 54900  115.02   35.70      53   -4.4
 54912  116.50   35.77      41   -6.8
 54916  116.85   35.57      51   -4.6
 54921  116.33   35.42      38   -2.6
 54922  117.78   35.88     224   -3.3
 54927  117.20   35.10      74   -2.3
 55294   91.10   32.35    4800  -18.7
 55493   91.10   30.48    4200  -10.7
 55591   91.13   29.67    3648   -8.2
 55681   90.40   28.97    4431   -9.9
 56045   99.90   33.97    4050  -18.7
 56065  101.60   34.73    3500  -19.5
 56071  102.50   34.58    3105  -13.4
 56092  104.65   35.00    1728  -10.1
 56095  104.38   34.03    1753   -6.9
 56151  100.75   32.93    3530  -14.6
 56182  103.60   32.67    2881  -14.6
 56190  104.55   31.55     519    0.6
 56192  104.67   32.95    1014   -0.5
 56257  100.27   30.00    3948   -5.4
 56273  102.82   30.39    1022    3.7
 56291  104.28   30.93     469    1.8
 56295  104.55   30.38     448    5.4
 56312   94.33   29.67    2991    1.0
 56317   94.22   29.22    2950    0.4
 56331   97.83   29.67    3780   -3.4
 56373  102.85   29.78     763    4.4
 56382  103.60   29.73     407    4.8
 56395  104.67   29.52     351    6.2
 56475  102.52   28.65    1659   -4.1
 56479  102.85   28.00    2132   -5.3
 56487  103.13   28.33    1943   -2.8
 56496  105.23   28.32     358    3.6
 56578  102.75   27.07     993    4.6
 56594  104.05   27.63     880    1.1
 56649   99.96   26.11    2059   -4.1
 56652  100.75   26.68    2130   -3.6
 56691  104.28   26.87    2237    1.6
 56755  100.48   25.35    1668   -1.0
 56764  101.23   25.53    1873    0.0
 56772  102.50   25.23    1692    0.7
 56839   98.82   23.77     995    4.9
 56841   98.68   24.60    1528   -1.0
 56851  100.53   25.04    1377    1.6
 56862  101.60   24.68    1968    4.5
 56872  102.62   24.95    2358    2.7
 56878  102.75   24.13    1801    3.1
 56879  102.91   24.19    1702    2.7
 56882  102.83   24.91    1976    5.3
 56885  103.45   24.40    1415    3.8
 56891  104.32   24.98    1482    2.6
 56944   99.27   23.15    1278    4.6
 57020  107.40   34.37     563   -3.1
 57026  107.88   34.37     585   -6.3
 57029  108.48   34.50     543   -4.6
 57034  108.22   34.25     447   -3.7
 57049  109.73   34.52     341   -7.9
 57065  112.13   34.55     317   -2.9
 57072  112.75   34.92     127   -4.2
 57081  113.43   34.80     140   -1.1
 57086  113.72   34.38     116   -3.9
 57110  106.08   33.78     930   -6.8
 57123  108.07   34.28     506   -4.6
 57128  107.33   33.17     486   -3.2
 57131  108.97   34.43     410   -3.1
 57137  108.32   33.32     802   -5.6
 57245  109.03   32.72     290   -2.2
 57259  110.77   32.03     426   -4.7
 57279  112.75   32.15     125    5.0
 57290  113.91   32.94     106   -3.7
 57303  105.92   31.73     459    2.3
 57339  108.68   30.95     297    4.1
 57370  112.22   31.73      67   -0.5
 57377  112.22   31.00     191    5.1
 57387  113.13   31.00      84   -1.7
 57390  114.07   31.80     733    4.2
 57401  105.37   30.87     383    4.1
 57415  106.63   30.53     394    4.2
 57425  107.33   30.33     433    3.6
 57438  108.12   29.98     632    0.0
 57477  112.22   30.07      38    3.6
 57483  113.13   30.67      31    1.0
 57486  113.85   30.65      25    0.9
 57508  105.37   29.15     301    5.0
 57514  106.22   29.58     331    5.6
 57522  107.27   29.74     372    3.6
 57525  107.75   29.32     277    2.8
 57584  113.09   29.38      53    3.1
 57596  114.20   29.63     751    5.0
 57598  114.58   29.03     146   -2.5
 57612  106.65   29.00     474    4.2
 57633  108.77   28.82     826    2.5
 57634  107.88   28.52     660    4.2
 57649  109.70   28.24     254    0.8
 57657  110.20   28.22     186    2.8
 57658  110.20   28.02     152    2.9
 57661  111.48   28.92      48    0.5
 57666  112.13   28.52      52   -1.6
 57671  112.37   28.85      37    4.2
 57707  105.28   27.30    1510    0.9
 57729  107.88   27.23     622    3.5
 57736  108.85   27.70     369    3.7
 57737  108.12   27.03     547    2.7
 57740  109.60   27.95     349    2.5
 57769  111.73   27.23     252   -0.3
 57772  112.50   27.75      86   -0.2
 57778  112.95   27.09      70    1.5
 57786  113.85   27.63     117    2.0
 57800  105.37   26.77    1457    5.3
 57803  106.02   27.04    1231    1.6
 57816  106.73   26.58    1223    5.2
 57827  107.54   26.33     969    3.4
 57837  108.07   26.40     839    1.8
 57853  110.63   26.73     341    2.7
 57859  110.63   26.03     408   -0.6
 57870  112.10   26.80     151    3.4
 57871  112.37   26.98      90    1.7
 57882  113.55   26.78     136    2.3
 57883  114.28   26.75     253   -0.9
 57894  114.17   26.58     843   -0.2
 57906  106.08   25.18     566    7.7
 57910  106.08   25.77    1197    5.1
 57911  106.65   26.67    1323    5.0
 57913  106.98   26.45    1093    3.3
 57926  107.88   25.42     428    4.7
 57941  109.60   25.78     197    1.8
 57947  109.40   25.21     121    3.0
 57960  111.07   25.93     195    4.1
 57971  112.20   25.92     224    1.3
 57973  112.72   25.75     329    4.2
 57975  112.20   25.38     277    1.6
 58011  116.07   34.80      46   -2.3
 58015  116.33   34.45      44   -4.1
 58022  117.57   34.75      48   -4.7
 58025  117.73   34.57      27   -3.3
 58030  118.02   34.88      44   -4.3
 58045  119.60   34.20       4   -4.1
 58104  115.07   33.40      41   -3.1
 58118  116.52   33.27      26   -3.9
 58127  117.20   32.98      21    2.5
 58141  118.93   33.64      12   -1.3
 58145  119.15   33.50       7   -2.1
 58150  120.30   33.75       1   -3.7
 58202  115.57   32.67      31   -2.1
 58243  119.82   32.95       3    1.5
 58250  120.16   32.51       6   -0.2
 58269  121.65   31.78       3   -2.2
 58311  116.50   31.73      74   -0.6
 58343  119.98   31.88       4    1.3
 58418  116.67   30.13      60    0.6
 58423  117.78   30.48     647    2.8
 58437  118.15   30.13    1840   -3.9
 58448  119.70   30.22     117   -1.5
 58458  120.90   30.54       4    0.0
 58472  122.45   30.73      79    3.8
 58527  117.20   29.30      61    0.5
 58606  115.92   28.60      46    2.9
 58623  117.92   28.47      90    1.8
 58632  118.60   28.72     126    0.5
 58635  118.20   28.43      95   -1.0
 58745  119.08   27.62     400   -1.8
 58813  116.33   26.85     143   -2.2
 58822  116.85   26.83     342   -3.5
 58836  118.73   26.58     361    1.1
 58837  118.15   26.15     204    0.5
 58839  118.85   26.23      40    3.2
 58843  120.02   26.88      56    4.8
 58844  119.15   26.15      57    4.8
 58929  118.15   25.07      68    7.4
 59044  109.38   24.47      97    2.5
 59059  110.80   24.18     105    3.7
 59072  112.37   24.80     131    0.3
 59075  112.63   24.48      70    4.5
 59090  114.07   24.95     103    0.7
 59097  114.20   24.05     198    1.8
 59102  115.65   24.95     303   -0.8
 59117  116.07   24.28     116    3.1
 59124  117.38   24.52      53    6.0
 59130  118.15   24.73      30    8.7
 59215  106.63   23.33     680    6.2
 59238  108.80   23.22     122    7.2
 59280  113.08   23.72      79    9.5
 59290  114.25   23.78      85    2.3
 59297  114.28   23.17      17    8.1
 59317  116.30   23.03      14   11.3
 59322  117.37   23.98      22    9.4
 59431  108.22   22.63     121    5.2
 59435  108.48   22.77      74    8.6
 59449  109.98   22.30      85    7.6
 59457  110.27   22.32     121    8.1
 59470  112.20   22.70      57    6.2
 59481  113.32   22.93      12    8.8
 59502  115.65   22.95       5   10.0
 50603  116.82   48.67     554  -23.3
 50862  127.98   46.98     206  -32.5
 50873  130.30   46.78      82  -29.4
 50884  131.15   46.63     175  -20.8
 50953  126.57   45.93     118  -29.6
 50973  130.60   45.75     234  -23.2
 51241   83.60   45.93    1077  -17.0
 51357   85.62   44.33     522  -15.6
 51430   81.15   43.83     602   -4.9
 51436   83.30   43.45     928   -7.9
 51495   91.73   43.22     721  -14.2
 51730   81.27   40.55    1012  -16.7
 51811   77.27   38.43    1231  -13.1
 51814   77.40   37.92    1360  -11.3
 51815   77.27   38.20    1274  -12.0
 52101   93.05   43.60    1679  -17.7
 52112   94.98   43.76     479  -11.7
 52576  101.68   39.21    1510  -14.3
 52633   98.42   38.82    3367  -27.5
 52643   99.62   38.83    2311  -14.7
 52656  100.82   38.43    2281  -12.8
 52661  101.08   38.80    1765  -14.5
 52737   97.38   37.37    2981  -17.0
 52745   99.02   37.30    3417  -23.2
 52754  100.13   37.33    3301  -20.6
 52895  104.68   36.57    1398  -13.9
 52968  101.47   35.03    3662  -19.0
 52986  103.87   35.37    1893  -13.0
 53068  111.94   43.63     963  -19.8
 53276  112.90   42.40    1150  -14.8
 53357  110.05   41.03    1360  -17.1
 53469  111.82   40.40    1166  -15.4
 53486  113.77   40.37    1050  -12.9
 53487  113.42   40.08    1052  -13.5
 53490  114.05   40.43    1014  -14.2
 53492  114.15   40.10     937  -11.3
 53498  115.03   40.57     629   -9.8
 53533  108.71   39.81    1414  -14.8
 53579  112.90   39.02     859  -11.2
 53599  114.68   39.37     884  -11.0
 53644  108.83   38.60    1307  -11.9
 53651  110.47   38.82    1098  -13.6
 53663  111.82   38.92    1401  -17.1
 53665  111.65   38.28    1185  -17.9
 53682  114.68   38.63     104   -8.6
 53685  113.42   38.07     953   -9.5
 53687  113.63   37.78     753   -6.9
 53693  114.13   38.03     255   -5.8
 53695  114.68   38.35      70   -4.3
 53697  114.83   38.03      53   -6.1
 53723  107.38   37.80    1349  -14.4
 53751  110.05   37.60     894  -13.6
 53768  111.75   37.15     773  -10.9
 53769  111.78   37.25     747  -10.5
 53771  112.05   37.42     750   -9.7
 53792  114.48   37.45     113   -4.5
 53799  115.00   37.24      25   -6.5
 53841  109.32   36.88    1068  -13.7
 53856  110.75   36.47     765  -13.1
 53879  112.88   36.32     952  -11.3
 53882  113.03   36.07    1046   -7.8
 53884  113.03   36.52     877  -12.5
 53891  114.68   37.02      43   -5.5
 53930  107.98   36.45    1271  -14.4
 53934  107.98   35.78    1274  -11.6
 53975  112.40   35.48     659   -7.1
 54026  120.90   44.57     265  -15.4
 54047  123.28   44.13     145  -18.5
 54099  131.13   44.08     148  -22.3
 54134  121.28   43.60     241  -14.1
 54164  125.28   43.35     248  -20.0
 54165  125.63   43.55     219  -21.6
 54181  127.33   43.70     295  -27.5
 54244  123.33   42.75     118  -11.3
 54245  123.40   42.50      97  -11.2
 54266  125.63   42.53     340  -19.2
 54267  125.73   42.25     362  -20.2
 54285  128.12   42.42     721  -27.2
 54305  115.27   41.88    1468  -16.4
 54311  117.77   41.97     892  -14.9
 54319  118.67   41.00     502  -12.5
 54323  120.78   41.82     253   -7.3
 54336  122.42   41.42       8   -7.2
 54337  121.12   41.13      65   -5.5
 54348  123.33   41.42      36   -9.3
 54362  125.73   41.67     380  -21.6
 54371  126.43   41.93     520  -21.0
 54408  115.22   40.38     529   -5.7
 54438  118.88   39.88      65   -5.6
 54452  119.82   40.80     365   -7.8
 54486  123.28   40.28      79   -6.9
 54503  115.82   39.07      12   -7.7
 54507  115.52   39.33      49   -8.7
 54515  116.70   39.50      13   -5.7
 54528  117.13   39.23       3   -7.8
 54530  117.77   39.23       1   -6.4
 54539  118.88   39.43       8   -4.0
 54624  117.32   38.41       4   -6.6
 54626  115.82   38.42      13   -5.5
 54628  117.48   38.15       6   -3.4
 54632  115.03   37.07      34   -5.7
 54662  121.63   38.90      91   -0.2
 54703  115.88   37.80      21   -5.5
 54712  116.82   37.20      18   -4.0
 54713  116.53   37.88      14   -4.0
 54717  116.40   37.63      17   -5.2
 54722  117.63   37.75       6   -3.8
 54724  117.13   37.32      14   -5.1
 54736  118.67   37.43       6   -2.7
 54755  120.39   37.33     117   -5.8
 54833  118.08   36.97      15   -2.2
 54844  119.18   36.42      62   -3.8
 54855  120.47   36.38      26   -3.2
 54904  115.52   35.58      50   -3.3
 54906  115.42   35.25      49   -2.5
 54907  116.65   34.98      34   -2.1
 54909  115.52   35.08      51   -6.0
 54910  116.05   35.82      40   -2.5
 54911  116.40   35.93      44   -1.9
 54913  116.82   35.75      62   -3.5
 54925  117.63   35.52     167   -1.5
 54943  120.00   35.88      10   -1.5
 55279   90.02   31.38    4700  -15.9
 55593   91.73   29.85    3804  -10.9
 55690   91.95   27.98    4280  -10.7
 55773   89.08   27.73    4300  -14.3
 56004   92.43   34.22    4533  -21.0
 56084  103.23   34.07    2374   -8.9
 56116   95.60   31.42    3873  -10.9
 56144   98.58   31.80    3184   -8.9
 56147   98.83   31.22    3260  -11.5
 56187  103.86   30.75     547    0.9
 56194  104.45   31.63     597    1.8
 56198  104.50   31.32     525    1.0
 56199  104.68   31.03     423    0.7
 56202   93.28   34.67    4488  -15.6
 56279  102.93   30.15     682    4.4
 56289  103.87   30.20     437    4.8
 56357  100.30   29.05    3727  -11.8
 56376  102.63   29.33    1098    6.2
 56383  103.87   29.83     455    4.1
 56396  104.77   29.35     352    6.8
 56444   98.92   28.48    3319   -6.3
 56498  104.50   28.15     549    3.4
 56645   99.42   26.42    2344   -7.1
 56670  102.12   26.92    1136    2.3
 56785  103.08   25.36    1915    1.7
 56843   99.62   24.83    1650   -2.5
 56844   98.58   24.43     913    4.6
 56854  100.13   24.45    1108    3.3
 56863  102.48   24.93    1848   -0.2
 56871  102.60   24.65    1893    3.6
 56873  102.92   24.68    1796    7.2
 56964  100.97   22.78    1302    8.2
 56970  102.48   23.70    1419    5.4
 56987  103.23   22.78    1260    9.1
 56995  104.42   23.03    1332    9.5
 57016  107.13   34.35     612   -1.6
 57021  107.13   34.65     751   -7.6
 57023  108.11   35.02     919   -9.5
 57025  107.38   34.52     781   -4.4
 57032  108.20   34.13     436   -4.2
 57035  108.23   34.55     636   -3.7
 57041  108.92   34.63     424   -4.6
 57047  109.32   34.17     540   -5.2
 57054  110.23   34.55     556   -1.3
 57074  112.40   34.42     252   -6.9
 57077  111.65   33.78     742   -6.4
 57079  113.03   34.95     106   -2.9
 57088  113.50   34.15     116   -2.8
 57095  114.15   34.12      61   -5.6
 57098  114.40   34.08      58   -3.6
 57105  105.60   33.33    1221   -4.8
 57124  106.93   33.63    1032   -6.0
 57134  107.98   33.52     827   -4.2
 57155  109.87   33.55     660   -5.9
 57173  112.88   33.75     145   -5.5
 57186  114.05   33.60      58   -3.1
 57189  113.95   33.13      64   -4.8
 57190  114.40   33.75      50   -4.5
 57191  114.48   34.48      63   -0.9
 57213  106.93   33.00     536   -2.2
 57217  106.28   32.23     485    0.4
 57253  110.82   32.85     201   -1.5
 57257  110.23   32.23     307   -2.4
 57285  113.42   32.38     153   -2.7
 57294  114.02   32.83      83   -2.3
 57297  114.05   32.13     114    2.2
 57349  109.87   31.07     275    5.0
 57355  110.37   31.03     334    2.9
 57408  105.35   30.12     338    2.7
 57409  105.80   30.18     297    3.6
 57416  106.93   30.33     391    3.1
 57417  106.28   30.35     315    3.3
 57460  111.78   30.82      91    0.6
 57465  111.45   30.38      74    4.0
 57466  111.75   30.43      50    2.8
 57475  112.90   30.40      31    0.0
 57482  113.95   30.90      25    0.7
 57491  114.40   30.87      31   -2.2
 57492  114.83   30.83      40   -1.7
 57493  114.33   30.35      73    2.2
 57494  114.05   30.60      23   -3.5
 57503  105.12   29.62     349    4.7
 57509  106.93   28.95     325    3.5
 57512  106.28   29.97     230    4.0
 57536  108.78   29.53     607    2.1
 57554  110.16   29.40     322    0.4
 57565  111.73   29.67      38    0.3
 57566  111.65   29.45      51    0.3
 57571  112.40   29.70      35    0.6
 57573  112.90   29.83      30    3.9
 57574  112.40   29.37      36    3.5
 57605  105.82   28.03     537    2.9
 57673  112.88   28.68      53    2.9
 57708  105.60   27.15    1700    4.1
 57734  108.23   27.57     467    4.6
 57739  108.92   27.23     394    2.8
 57767  111.01   27.13     308    0.8
 57768  111.45   27.32     242   -0.2
 57781  113.50   27.65      74    1.3
 57789  113.95   27.13     194   -0.2
 57792  114.68   27.82      93    1.8
 57794  114.02   27.63     177   -0.7
 57825  107.98   26.60     720    3.6
 57872  112.60   26.89     104    4.0
 57876  112.83   26.43     135    3.6
 57886  113.80   26.48     268   -2.6
 57889  113.95   26.08     835   -3.6
 57903  105.60   25.94    1142    6.3
 57909  105.82   24.98     584    7.7
 57962  111.65   25.97     167    2.2
 57969  111.34   25.27     227   -0.8
 57972  113.03   25.80     184    2.6
 57989  113.77   25.07     112   -0.3
 58003  115.88   34.95      45   -2.9
 58006  115.88   34.38      46   -7.0
 58020  117.13   34.80      35    0.0
 58132  118.68   33.72      14    0.1
 58143  119.85   33.80       4   -1.6
 58148  119.31   33.25       4    1.3
 58242  119.16   32.30      22   -2.9
 58306  115.88   31.68      95    1.2
 58320  117.13   31.73      21    1.5
 58330  118.08   31.75      26   -2.7
 58349  120.56   31.41       8    1.5
 58404  115.22   30.47      61    0.5
 58407  115.03   30.23      32    1.0
 58416  116.82   30.75      35   -1.1
 58442  119.18   31.17      16   -1.9
 58444  120.29   30.42     101    2.2
 58461  121.12   31.13       4   -1.7
 58468  121.17   30.05       5    3.2
 58477  122.10   30.03      35    1.1
 58509  115.82   29.05      36    1.2
 58514  116.05   29.45      37   -0.6
 58546  119.88   29.47     115   -0.2
 58547  119.18   29.03      66   -0.4
 58565  121.38   29.68      41    0.4
 58568  121.38   29.12      34    0.4
 58609  115.82   28.22      27   -0.1
 58616  116.82   28.20      40   -3.2
 58622  117.59   28.95      88   -1.6
 58629  117.71   28.29     100    0.4
 58652  120.72   28.87      83    0.4
 58705  115.42   27.33      85   -1.9
 58710  116.05   27.77      78   -2.4
 58715  116.65   27.58      80    0.0
 58749  119.88   27.23     684    0.6
 58819  116.82   26.18     336   -1.9
 58905  115.42   25.97     133    2.0
 58912  116.73   25.72     404   -0.5
 58940  119.33   26.08      25    7.2
 58944  119.78   25.52      32   11.1
 59025  107.38   24.53     248    5.8
 59052  110.82   24.83     169    4.7
 59063  111.45   25.18     265    3.5
 59088  113.42   24.18      74    6.2
 59093  115.03   24.78     253    0.8
 59096  114.48   24.37     214    3.2
 59116  116.70   24.33      81    2.7
 59235  108.62   23.43     115    4.7
 59255  110.38   23.55      32    9.6
 59269  111.78   23.17      47    4.8
 59312  116.70   23.67      60    7.1
 59315  116.40   23.58      43    7.3
 59320  117.13   23.75      37    6.8
 59417  106.86   22.34     128    6.3
 59448  109.55   22.27      69    6.8
 59454  110.99   22.95     202    5.7
 59462  111.60   22.70      60    6.4
 59469  111.78   22.17      37   10.1
 59471  112.05   22.93     101    6.5
 59476  113.03   22.53      36   12.7
 59485  113.40   22.50      33    9.7
 59632  108.62   21.95       4   10.5
 59656  110.82   21.40      27   11.3
 59757  110.37   20.00       9   16.0
 59838  108.62   19.10       7   17.1
 59848  109.43   19.23     215   12.5
 59856  110.75   19.62      21   12.4
 50468  127.45   50.25     166  -30.6
 50548  123.72   49.20     286  -31.2
 50566  128.47   49.55     116  -35.1
 50639  122.73   48.00     306  -23.0
 50659  126.25   48.03     291  -29.8
 50674  129.43   48.57     404  -36.8
 50745  123.92   47.38     147  -25.0
 50749  124.83   47.18     154  -25.2
 50834  121.22   46.60     499  -22.8
 50842  124.42   46.83     145  -22.9
 50851  126.08   46.68     207  -29.0
 50924  119.67   45.53     823  -21.0
 50928  120.33   45.07     628  -20.3
 50946  124.83   45.18     139  -21.5
 50983  132.97   45.77     100  -27.7
 51156   85.72   46.78    1291  -14.7
 51232   82.57   45.18     336  -15.4
 51329   80.85   44.05     640   -4.7
 51334   82.82   44.57     329  -16.5
 51356   86.05   44.32     442  -18.4
 51367   86.85   44.17     575  -17.5
 51470   88.12   43.88    1942  -19.0
 51572   89.25   42.83     -48  -15.8
 51627   79.23   41.22    1395  -15.6
 51633   81.90   41.78    1229  -17.3
 51705   75.25   39.72    2175   -9.3
 51709   75.75   39.49    1385  -10.3
 51818   78.28   37.62    1375  -13.0
 51931   81.65   36.85    1422   -9.4
 52323   97.03   41.80    1770  -14.0
 52436   97.03   40.27    1526  -13.1
 52533   98.48   39.77    1477  -14.7
 52645   99.60   38.43    3314  -26.9
 52818   94.92   36.42    2807  -14.3
 52833   98.48   36.92    2950  -17.6
 52875  102.10   36.50    2125  -12.9
 52877  102.25   36.10    2834  -15.4
 52943   99.98   35.58    3323  -19.7
 52955  100.73   35.58    3120  -18.4
 52981  103.38   35.68    2421   -8.0
 52985  103.33   35.42    2162  -12.0
 53195  113.64   43.85    1036  -19.8
 53433  108.65   40.73    1020  -12.0
 53455  110.53   40.55     998  -12.4
 53466  111.70   40.75    1045  -14.0
 53564  111.15   39.38     861  -15.9
 53574  112.27   39.52    1409  -14.6
 53593  114.57   39.83     909  -11.9
 53619  106.30   38.12    1115  -16.7
 53676  112.98   38.50     759  -12.5
 53679  112.54   37.75     776  -11.0
 53691  114.57   38.15      71   -3.1
 53704  105.18   37.53    1225  -13.5
 53730  107.48   38.18    1333  -16.7
 53776  112.77   37.68     831  -10.1
 53780  113.15   37.91    1066  -14.4
 53783  113.70   37.60     876   -8.5
 53787  112.98   37.07    1041  -13.1
 53790  114.61   37.63      44   -6.4
 53817  106.27   36.00    1753  -10.7
 53821  107.30   36.57    1255  -12.8
 53829  107.90   35.98    1093  -11.8
 53869  111.70   36.58     550   -7.4
 53871  112.85   36.83     964  -13.3
 53881  106.48   37.28    1382  -11.0
 53889  113.82   36.07     306   -4.6
 53915  106.67   35.55    1346   -7.0
 53917  106.07   35.22    1631  -10.7
 53926  107.35   35.35    1028  -11.6
 53938  108.30   35.17    1277   -7.3
 53945  109.07   35.43    1395   -3.0
 53947  109.07   35.08     978   -5.7
 53953  110.85   35.97     965   -7.9
 53954  110.97   35.62     433   -7.0
 53958  110.78   35.17     435   -5.0
 53962  111.70   35.73     584   -3.3
 53967  111.20   35.33     468   -3.8
 53984  113.47   35.23      82   -6.4
 53985  113.82   35.50     140   -4.7
 54113  118.65   43.53     621  -15.9
 54157  124.33   43.17     165  -16.0
 54186  128.20   43.37     524  -24.3
 54195  129.78   43.30     244  -27.5
 54225  119.94   42.29     579  -11.1
 54286  129.00   42.53     475  -21.9
 54327  119.35   41.23     417   -8.0
 54410  116.13   40.60    1224   -9.9
 54428  117.40   40.03      15   -3.7
 54429  117.95   40.20      54   -6.8
 54454  120.30   40.33      29   -6.3
 54493  124.78   40.72     260  -12.0
 54497  124.33   40.05      13   -6.7
 54499  116.22   40.22      76   -4.6
 54506  115.95   39.32      24  -10.3
 54520  117.08   39.97      18   -5.4
 54579  122.58   39.27      35   -1.3
 54584  122.95   39.72      34   -6.0
 54604  115.33   38.42      29   -3.8
 54619  116.92   38.92       5   -4.2
 54738  118.40   37.05      15   -4.3
 54776  122.70   37.40      47   -0.3
 54824  117.95   36.63      95   -0.7
 54857  120.33   36.07      76    2.9
 54932  118.65   35.77     186   -3.5
 54938  118.40   35.05      65   -4.3
 55569   87.60   29.08    4000   -8.3
 55589   90.98   29.30    3555  -10.7
 55680   89.60   28.92    4040  -11.9
 56034   97.13   33.80    4415  -20.8
 56046   99.65   33.75    3967  -15.4
 56082  103.50   34.58    2540  -12.0
 56091  104.47   34.85    1883   -9.0
 56171  101.70   32.90    3275  -14.9
 56188  103.67   31.00     698    3.2
 56189  103.93   30.98     581    5.7
 56193  104.52   32.42     893    0.0
 56228   96.92   30.05    3260   -4.0
 56281  103.50   30.18     510    1.9
 56307   92.58   29.15    3260   -7.0
 56381  103.50   30.07     630    5.5
 56384  103.48   29.60     446    5.5
 56385  103.33   29.52    3047   -8.1
 56462  101.50   29.00    2925   -7.3
 56474  102.17   28.55    1774   -2.2
 56489  103.63   28.23     877    2.9
 56592  104.52   28.43     359    3.7
 56654  100.18   26.58    2195   -3.7
 56671  102.25   26.65    1787   -1.3
 56684  103.25   26.40    2188    1.0
 56748   99.18   25.12    1652    0.5
 56751  100.18   25.70    1990    2.7
 56752  100.57   25.83    1438    0.4
 56788  103.62   24.98    1857   -1.4
 56793  104.47   25.71    1800    4.0
 56840   98.30   24.82    1012    1.0
 56842   99.18   24.73    1471    2.5
 56886  103.77   24.53    1704    2.4
 56948   99.60   22.63    1155    7.1
 56949   99.60   22.32     945    6.1
 56958  100.42   21.92    1176    6.1
 56982  103.29   23.70    1117    9.4
 56985  103.38   23.38    1300   11.1
 56992  104.70   23.45    1507    6.7
 56996  104.70   23.13    1093    6.2
 57003  106.83   34.90     924   -6.9
 57004  104.88   34.73    1495   -7.0
 57007  105.18   34.18    1404   -7.1
 57011  106.15   34.75    1378  -10.9
 57028  107.32   34.03    1543  -11.1
 57033  108.82   34.55     428   -5.2
 57040  109.08   34.52     377   -3.8
 57051  111.20   34.80     409   -5.0
 57061  111.20   34.83     410   -6.5
 57082  113.02   34.47     427    1.3
 57093  114.82   34.85      73   -2.2
 57106  106.15   33.32     794   -2.9
 57111  106.30   33.92     961   -6.4
 57126  107.55   33.22     468   -4.5
 57129  107.72   32.98     446   -4.3
 57216  106.83   32.35     579    0.2
 57238  107.90   32.53     693   -3.3
 57247  108.90   32.32     438   -2.5
 57256  110.78   32.65     286   -0.9
 57271  112.38   32.52      87   -1.0
 57273  112.85   32.68     109   -3.5
 57293  112.98   32.73      38   -4.2
 57298  114.55   32.22      55   -1.3
 57314  106.07   31.35     405    3.1
 57326  107.72   31.37     389    1.3
 57328  107.51   31.21     344    3.0
 57343  109.53   31.90     995   -2.3
 57348  109.53   31.02     299    4.0
 57358  110.97   30.83     295    3.5
 57385  113.82   31.62      93   -0.2
 57388  113.70   31.27      53    0.1
 57395  114.12   31.57      74   -0.6
 57485  113.47   30.28      23   -0.6
 57510  106.07   29.85     326    3.2
 57520  107.07   29.83     377    4.0
 57606  106.83   28.13     972    5.1
 57642  109.65   28.70     325    1.3
 57674  112.38   28.57      46    2.8
 57687  112.92   28.22      68    3.8
 57717  106.83   27.53     974    5.5
 57723  107.72   27.98     710    1.4
 57731  108.25   27.95     416    6.2
 57735  108.82   27.18     404    3.0
 57752  110.60   27.92     204    2.2
 57762  111.68   27.69     165   -0.3
 57776  112.69   27.30    1265    3.3
 57783  113.82   27.88     118   -0.3
 57796  114.88   27.83     189    4.8
 57814  106.27   26.42    1298    6.3
 57822  107.90   26.90     835    2.8
 57834  108.30   26.68     641    2.8
 57851  110.83   26.46     346   -0.9
 57902  105.18   25.43    1378    4.2
 57908  105.48   25.12    1394    7.5
 57914  106.67   26.42    1149    6.8
 57921  107.32   25.83     708    3.6
 57964  111.15   25.50     263    1.2
 57965  111.60   25.53     192    2.3
 57966  111.96   25.59     244    1.7
 57976  112.94   25.41     222    1.4
 57991  114.55   25.80     140    0.2
 58008  115.33   34.47      54   -2.7
 58017  116.13   34.25      41   -5.7
 58032  118.65   34.93      70   -1.0
 58034  118.32   34.60      36   -1.8
 58036  118.71   34.54      32   -3.8
 58047  119.24   34.26       4   -2.8
 58048  119.35   34.12       4   -2.0
 58108  115.33   33.23      34   -2.7
 58109  115.62   33.18      33    1.5
 58129  117.83   33.15      14   -1.3
 58130  117.95   33.93      23   -0.9
 58154  120.20   33.43       2   -1.7
 58223  117.98   32.80      31   -0.8
 58237  118.59   32.06      46    0.0
 58246  119.99   32.56       2   -1.7
 58252  119.47   32.18      27    0.4
 58259  120.98   32.08       4   -2.5
 58316  116.92   31.47      23   -4.0
 58317  116.37   30.87     434   -4.3
 58326  117.83   31.58      30   -1.0
 58338  118.58   31.15      17   -2.0
 58351  120.30   31.90       4   -0.5
 58366  121.49   31.67       4   -3.5
 58369  121.78   31.05       5   -1.2
 58417  116.13   30.17      54    1.0
 58427  117.50   30.65      15   -1.5
 58428  117.50   30.22     118   -3.7
 58431  118.32   30.90      39   -4.9
 58432  118.40   30.68      57   -1.7
 58438  118.58   30.08     191   -3.6
 58451  120.93   30.83       2   -0.7
 58460  121.35   30.73       5   -0.7
 58505  115.90   29.62      63   -0.2
 58537  118.40   29.13     153   -2.6
 58548  119.47   29.22      50    1.0
 58559  120.98   29.15      58   -1.5
 58607  115.95   28.55      31    2.2
 58615  117.08   28.68      56   -2.1
 58619  116.37   28.00      49    1.5
 58625  117.60   28.42      79    0.2
 58637  117.98   28.45     118    0.3
 58719  116.93   27.30     131   -2.6
 58737  118.32   27.05     154   -0.9
 58742  119.56   28.11     163   -0.8
 58747  119.35   27.15     899   -0.3
 58754  120.20   27.33      36    3.6
 58911  116.37   25.85     310   -1.8
 58923  117.83   25.70     400    0.6
 59017  106.27   24.27     278    7.8
 59022  107.55   24.98     697    5.6
 59033  108.90   24.78     328    4.6
 59037  108.10   23.93     170    9.6
 59038  108.65   24.07     138    6.5
 59051  110.50   24.77     136    3.3
 59071  112.28   24.73     174    2.3
 59082  113.60   24.67     121    1.6
 59092  114.82   24.92      86    0.4
 59094  114.12   24.35     184    2.5
 59106  115.90   24.58     152    1.6
 59127  117.83   24.43      32    8.7
 59129  117.60   24.13      53    7.8
 59134  118.07   24.48     139   10.4
 59140  118.32   24.55      17   11.4
 59256  110.92   23.37      54    6.6
 59270  112.18   23.92      84    3.0
 59285  113.60   23.57      38    2.6
 59288  113.02   23.15      29    8.7
 59314  116.13   23.30      29    8.4
 59321  117.50   23.78      53   12.1
 59425  107.35   22.40     107    8.8
 59427  107.07   22.12     163    7.0
 59452  110.53   22.83     131    7.6
 59653  110.85   21.93      31    8.3
 59655  110.62   21.65      32   10.5
 59659  110.92   21.75      33    9.6
 59673  112.77   21.73      21   13.7
 59854  110.10   19.37     118   13.8
 50353  126.63   51.73     173  -38.2
 50431  121.52   50.78     717  -33.7
 50527  119.70   49.25     649  -25.8
 50656  126.50   48.25     278  -32.3
 50727  119.93   47.17     997  -26.1
 50755  126.10   47.60     230  -29.6
 50774  128.83   47.70     264  -32.3
 50779  134.28   48.37      40  -27.1
 50936  122.83   45.63     155  -20.4
 50955  126.32   45.39     168  -30.7
 50956  126.77   46.08     134  -31.8
 51058   87.97   47.10     563  -20.9
 51133   83.00   46.73     534  -20.1
 51358   85.82   44.28     468  -19.3
 51359   86.20   44.32     471  -19.6
 51379   89.57   44.02     793  -21.5
 51435   82.23   43.47     774   -6.6
 51656   86.13   41.75     931  -10.6
 51711   78.45   40.93    1985  -10.9
 51747   83.67   39.00    1099  -22.1
 51829   80.17   37.08    1347  -13.6
 52557  100.17   39.15    1453  -12.2
 52881  103.18   36.98    2484  -18.7
 52972  102.45   35.85    1921   -9.0
 52984  103.18   35.58    1917  -10.9
 52993  105.07   35.68    1739  -13.6
 53337  108.27   41.10    1023  -12.5
 53348  109.13   41.02    1078  -15.0
 53352  110.43   41.70    1376  -18.0
 53368  111.47   41.08    1637  -15.8
 53397  113.98   41.10    1376  -20.3
 53399  114.70   41.15    1393  -16.5
 53420  107.12   40.85    1024  -11.9
 53488  113.58   40.03    1034  -18.7
 53499  114.73   40.77     755  -10.8
 53518  106.35   39.03    1117  -15.2
 53529  107.96   39.09    1381  -17.4
 53545  109.71   39.56    1367  -13.3
 53565  111.50   39.43    1051  -14.5
 53577  112.30   39.00    1437  -11.6
 53580  113.10   39.82    1044  -11.3
 53601  105.90   38.77    2908  -13.2
 53610  106.35   38.57    1106  -14.2
 53615  106.70   38.80    1101  -14.4
 53618  106.25   38.28    1113  -10.8
 53658  110.48   38.03     894  -13.3
 53669  111.80   38.08    1150  -15.0
 53707  105.25   36.93    1697  -12.9
 53727  107.12   37.17    1712   -7.9
 53772  112.58   37.62     776  -10.0
 53788  113.57   37.33    1265  -13.9
 53810  105.90   36.97    1339  -13.7
 53853  110.95   36.70    1052  -10.6
 53862  111.80   36.85     811   -9.8
 53863  111.92   37.03     743  -11.4
 53864  111.10   36.40    1030  -12.1
 53868  111.50   36.07     449   -5.2
 53872  112.68   36.77     960  -12.8
 53877  112.25   36.17     860  -15.0
 53883  114.70   37.13      36   -5.3
 53931  109.37   36.00     984  -15.1
 53935  108.40   35.48    1481   -2.2
 53949  109.92   35.18     679   -5.5
 53955  110.45   35.47     458   -3.7
 53966  111.83   35.98     817   -5.1
 53996  114.65   36.45      57   -5.4
 53998  114.65   35.20      61   -1.1
 54065  125.65   44.53     169  -25.7
 54161  125.22   43.90     236  -17.6
 54187  128.92   43.12     366  -25.6
 54205  116.00   42.23    1315  -13.6
 54208  116.47   42.19    1245  -10.9
 54213  119.02   42.93     634  -17.8
 54214  118.42   42.58     960  -20.6
 54292  129.50   42.87     257  -21.4
 54321  119.63   41.87     661  -13.4
 54324  120.43   41.55     174   -8.2
 54340  123.32   41.67      35   -7.6
 54349  124.13   41.30     258  -12.0
 54386  128.18   41.42     775  -25.5
 54405  115.50   40.42     570   -6.8
 54416  116.87   40.38      71   -8.2
 54436  118.95   40.42     254   -9.3
 54453  120.88   40.78      38   -5.2
 54505  116.10   39.93      98   -3.5
 54519  116.48   39.30      12   -7.9
 54521  116.98   39.77      13   -4.3
 54523  117.02   39.38       4   -5.8
 54605  115.93   38.93       4   -6.8
 54610  116.10   38.73       8   -4.7
 54627  117.23   38.03       8   -2.8
 54636  116.10   39.02      11   -8.2
 54700  115.93   38.03      16   -7.8
 54729  117.87   37.17      11   -4.6
 54730  118.14   37.69       6   -3.8
 54732  118.52   37.87       5   -2.4
 54734  118.00   37.36      12   -5.0
 54759  120.85   37.32     205   -2.3
 54765  121.43   37.48      82   -1.1
 54774  122.13   37.47      65   -1.9
 54800  115.25   37.00      33   -6.4
 54808  115.63   36.23      37   -4.1
 54820  115.17   36.82      36   -4.4
 54829  117.87   36.77      85   -2.6
 54848  119.42   35.98      82   -3.3
 54849  120.03   36.22      84   -0.4
 54863  121.18   36.78      40   -2.8
 54901  115.17   36.08      47   -4.9
 54905  115.93   35.58      46   -1.5
 54919  116.98   35.38      88    0.6
 54945  119.53   35.43      36    0.0
 55248   84.42   32.15    4414  -16.1
 55437   81.25   30.28    3900  -12.5
 56029   96.96   33.00    3716  -13.3
 56167  101.12   30.98    2957  -11.7
 56223   95.83   30.75    3640   -6.6
 56227   95.77   29.87    2736    0.4
 56247   99.10   30.00    2589    0.5
 56276  103.82   30.45     467    2.5
 56388  103.82   29.40     421    4.9
 56391  103.82   30.08     415    2.4
 56399  104.98   29.18     306    6.6
 56441   99.28   28.72    2422   -1.2
 56480  103.53   28.82     564    2.5
 56543   99.70   27.83    3276   -9.3
 56548   99.28   27.17    2326   -4.1
 56569  102.18   27.42    1380    5.2
 56585  103.53   27.18    1916   -2.7
 56669  101.67   26.05    1531   -0.3
 56742   99.37   25.90    1658   -1.5
 56763  101.87   25.73    1120    5.6
 56766  101.52   25.31    1822   -1.2
 56775  102.45   25.55    1750   -0.4
 56846   99.93   24.58    1569    2.1
 56867  101.12   23.98    1105    5.1
 56870  102.18   24.65    1600    1.3
 56946   99.40   23.55    1104    2.9
 56954   99.93   22.57    1054    5.3
 56962  101.67   23.42    1314    5.9
 56991  104.33   23.62    1561    6.9
 57031  108.55   34.82    1012   -8.4
 57052  110.45   34.88     354   -6.6
 57056  110.86   34.54     484   -2.6
 57066  111.67   34.40     408   -2.8
 57083  113.65   34.72     110   -2.0
 57085  113.33   34.53     259   -2.6
 57087  113.73   34.27     104   -5.4
 57090  113.97   34.72      78    1.7
 57119  106.70   33.17     548   -0.8
 57132  108.58   34.13     411   -3.1
 57156  111.50   33.30     250   -0.2
 57176  112.42   33.48     231   -2.9
 57185  113.58   33.45      91   -4.2
 57188  114.03   33.37      55   -2.8
 57197  114.35   32.97      50   -4.2
 57204  105.22   32.57     782   -1.7
 57206  105.85   32.43     513    1.1
 57211  106.25   32.83     836   -3.3
 57232  108.27   33.05     484   -3.6
 57242  109.37   32.85     285   -1.8
 57278  112.08   32.00     163    2.2
 57295  114.35   32.62      78   -0.6
 57296  114.73   32.35      48   -0.3
 57304  105.17   31.67     516    0.7
 57329  107.85   31.10     467    1.0
 57363  111.83   31.80     151   -0.1
 57381  113.33   31.62     116   -4.2
 57389  113.75   31.03      32   -0.8
 57432  108.40   30.77     186    2.9
 57445  109.72   30.60     609   -0.7
 57481  113.57   30.95      30   -1.7
 57506  105.90   29.37     353    5.7
 57517  106.25   29.28     261    7.2
 57581  113.45   29.82      27    2.1
 57583  113.97   29.92      61    0.9
 57585  113.45   29.48      60   -0.5
 57586  114.03   29.53      78   -0.7
 57589  113.87   29.27     146   -2.0
 57663  111.95   28.92      31    2.2
 57682  113.57   28.72     106   -2.1
 57712  106.95   27.73     983    5.1
 57732  108.40   28.02     456    2.5
 57742  109.20   27.52     884    6.1
 57744  109.17   27.37     355    2.0
 57805  105.77   26.68    1319    4.6
 57821  107.50   26.70     925    2.5
 57840  109.20   26.90     401    2.5
 57842  109.72   26.88     281    2.2
 57875  112.68   26.75     137    2.9
 57881  113.25   26.72     101    1.3
 57891  114.25   26.93     153   -0.7
 57900  105.22   25.83    1552    5.4
 57923  107.87   25.98     419    4.3
 57985  113.68   25.57     609   -1.9
 57994  114.35   25.40     215    0.9
 57996  114.25   25.08     149    0.9
 58007  115.30   34.07      47   -2.6
 58012  116.58   34.68      40   -1.6
 58024  117.58   34.87      77   -0.7
 58026  118.02   34.39      25   -3.6
 58044  119.23   34.55       4   -3.3
 58100  115.17   33.65      41    0.3
 58111  116.45   33.97      32   -2.1
 58112  116.45   30.73     968   -1.6
 58122  116.98   33.63      25   -0.5
 58126  117.87   33.47      19   -0.4
 58128  117.35   33.33      21   -3.2
 58138  118.52   32.98      40   -1.3
 58139  118.91   33.31      10   -1.9
 58205  115.43   32.47      34   -1.2
 58207  115.05   32.17      42   -1.6
 58208  115.62   32.17      42   -2.8
 58215  116.78   32.43      25   -6.3
 58224  117.02   32.65      32    2.4
 58234  118.42   32.47      40   -1.9
 58240  119.02   32.68      21    0.7
 58329  117.87   31.33       9   -1.9
 58335  118.52   31.57      23   -0.8
 58337  118.18   31.08      26   -2.6
 58340  119.03   31.66      25   -0.2
 58346  119.81   31.34      16   -3.6
 58358  120.43   31.07      16    1.3
 58367  121.43   31.20       4    3.1
 58408  115.43   30.23      35    0.0
 58409  115.93   30.10      32   -1.1
 58419  117.02   30.10      17   -2.9
 58420  117.23   30.72      58    0.0
 58421  117.87   30.63      31   -2.6
 58435  118.53   30.30     220   -4.5
 58436  118.98   30.62      87   -4.4
 58441  119.42   30.87      43   -4.1
 58446  119.70   30.63      72   -1.7
 58453  120.50   30.07       7    1.9
 58454  119.98   30.53     102    1.1
 58457  120.17   30.23      41    1.4
 58467  121.27   30.20       4    0.4
 58501  115.63   29.92      23   -1.1
 58502  116.00   29.73      36    3.3
 58507  115.12   29.25     116   -1.0
 58524  117.22   29.37      87   -2.0
 58534  118.18   29.78     170   -3.2
 58543  119.02   29.62     171    1.8
 58544  119.27   29.48      88    0.2
 58555  120.88   29.52     113   -0.6
 58560  120.43   29.05     304   -1.9
 58567  121.43   29.32      39    0.9
 58626  117.23   28.30      60   -0.7
 58627  117.03   28.25      55    0.9
 58643  120.03   28.90     102    1.9
 58644  119.28   28.60     237   -1.9
 58667  121.27   28.08      95    4.8
 58712  116.78   27.92     130    0.4
 58713  117.07   27.72     225   -4.2
 58731  118.53   27.92     276   -2.1
 58744  119.42   27.45     815   -0.7
 58746  119.70   27.55     538   -1.1
 58823  117.80   26.80     175    0.5
 58826  117.80   26.40     120    0.9
 58845  119.53   26.50      60    4.5
 58847  119.28   26.08      84    7.1
 58917  116.10   25.08     307    1.2
 58921  117.35   25.97     206    1.3
 58927  117.02   25.05     376    2.0
 58933  118.98   26.92     869   -2.4
 58935  118.23   25.48     521    1.7
 58938  118.98   25.23      23    9.9
 59007  105.07   24.07    1249    3.2
 59058  110.52   24.20     181    3.3
 59065  111.50   24.42     148    3.1
 59133  118.92   24.90      21   10.6
 59224  107.12   23.60     111    7.8
 59227  107.14   23.11     454    6.4
 59264  111.50   23.40      83    4.8
 59289  113.73   22.97      56   10.8
 59293  114.73   23.80      70    4.9
 59313  116.98   23.68      44    9.6
 59318  116.58   23.27       5   12.1
 59324  117.03   23.43       7   13.5
 59432  108.40   22.80     194    8.9
 59446  109.30   22.42      66    6.9
 59480  113.25   22.85      21   12.9
 59488  113.57   22.28      51   13.5
 59492  114.73   22.97      47    7.3
 59644  109.13   21.45      12   10.6
 59847  109.05   19.27      98   15.2
 59940  109.17   18.75     155   16.9
 50247  123.57   52.03     514  -38.9
 50425  120.18   50.25     581  -27.4
 50524  119.43   49.32     576  -26.1
 50526  120.70   49.28     668  -26.2
 50756  126.97   47.45     239  -29.2
 50772  129.23   48.10     288  -35.1
 50787  131.84   47.31      62  -28.8
 50853  126.97   46.62     179  -26.6
 50881  131.78   46.78      70  -32.1
 50892  134.00   46.80      54  -30.0
 50945  124.27   45.50     137  -21.6
 50948  124.02   45.00     146  -19.0
 50949  124.87   45.08     136  -22.6
 50968  127.97   45.22     189  -31.3
 51328   80.42   44.20     770   -5.6
 51330   81.02   44.97    1357  -19.0
 51353   86.10   45.02     346  -20.2
 51368   87.32   44.12     515  -21.5
 51467   86.33   42.76    1732  -11.9
 51482   90.28   43.83    1271  -15.1
 51567   86.57   42.08    1055  -17.4
 51636   82.65   41.55    1009  -15.4
 51704   76.17   39.72    1298   -8.5
 51802   76.17   38.93    1297   -9.3
 52118   94.70   43.27    1728  -15.0
 52203   93.52   42.82     737  -14.1
 52267  101.06   41.96     940  -13.6
 52602   93.33   38.75    2770  -23.9
 52657  100.25   38.18    2787  -21.0
 52707   93.68   36.80    2767  -19.4
 52787  102.87   37.20    3045  -13.6
 52863  101.95   36.82    2480  -17.9
 52868  101.37   36.02    2273  -11.1
 52988  103.72   35.37    2015  -11.8
 53231  106.40   41.40    1509  -13.8
 53289  113.83   42.23    1322  -15.1
 53367  111.23   41.32    1602  -20.1
 53419  107.00   40.33    1055  -12.6
 53446  109.88   40.53    1004  -17.3
 53475  112.47   40.52    1268  -16.4
 53483  113.83   40.87    1268  -15.0
 53491  114.38   40.67     837  -10.5
 53517  106.33   39.27    1464  -13.7
 53562  111.67   39.92    1187  -14.2
 53582  113.67   39.72    1079  -16.4
 53594  114.18   39.45     938  -10.2
 53596  115.13   38.85      52   -7.1
 53602  105.68   38.83    1561   -7.2
 53614  106.20   38.47    1110  -10.1
 53678  112.65   38.07     897  -14.5
 53680  114.38   38.30     108   -3.8
 53690  114.18   38.85     281   -6.8
 53692  114.98   38.73      66   -5.6
 53754  110.22   37.50     929  -12.9
 53760  111.23   37.88    1212  -13.4
 53763  112.17   37.92    1006  -11.8
 53774  112.37   37.58     759  -10.4
 53775  112.59   37.42     785  -11.3
 53785  114.67   37.52      35   -5.8
 53798  114.50   37.07      77   -0.2
 53845  109.45   36.58    1180  -11.7
 53866  111.67   36.23     462   -6.7
 53873  112.87   36.10     951  -12.8
 53886  113.67   36.57     470   -4.5
 53895  114.50   36.78      60   -3.5
 53897  114.38   36.38      69   -4.4
 53910  106.20   35.67    2841   -7.1
 53925  107.18   35.68    1172   -9.6
 53950  110.15   35.23     708   -1.0
 53968  111.67   35.28     505   -5.9
 53972  112.90   35.05     117   -4.6
 53973  112.95   35.77     837  -10.1
 53976  112.87   35.50     752   -5.4
 53983  114.42   35.03      69   -5.7
 53988  113.67   35.27      77   -3.7
 53995  114.50   35.55      62   -3.0
 53997  114.18   35.15      71   -3.3
 54041  123.07   44.80     150  -20.3
 54049  123.97   44.25     188  -20.3
 54063  126.00   44.97     196  -24.9
 54084  127.60   44.73     331  -19.6
 54102  116.12   43.95    1003  -13.7
 54155  124.23   43.67     144  -17.3
 54172  126.53   43.87     290  -17.2
 54218  118.83   42.31     668  -12.6
 54226  120.70   42.33     400   -9.3
 54236  122.55   42.38      79  -10.5
 54249  123.87   42.30      85  -11.9
 54259  124.87   42.07     224  -16.5
 54279  126.58   42.05     544  -23.0
 54291  130.28   42.90      36  -18.1
 54301  115.67   41.67    1412  -16.2
 54334  121.25   41.52      74   -6.4
 54339  123.00   41.08      77   -5.2
 54345  123.07   41.20      30   -6.5
 54346  123.78   41.32     185   -9.6
 54351  124.08   41.92     118  -13.2
 54377  126.22   41.15     225  -15.5
 54398  116.62   40.13      28   -5.8
 54494  124.07   40.47      72   -8.1
 54501  115.68   39.97     440  -11.8
 54529  117.82   39.35       3   -5.3
 54596  116.19   39.77      48   -6.4
 54602  115.48   38.73      16   -9.1
 54611  115.32   38.93      44   -6.3
 54613  116.62   38.70       6   -6.4
 54617  116.12   38.18      13   -5.5
 54640  114.87   36.92      36   -5.7
 54702  115.70   37.73      20   -3.5
 54705  115.38   37.37      27   -5.7
 54706  115.67   37.08      31   -4.7
 54751  120.73   37.94      39    0.3
 54752  120.77   37.80      60   -2.8
 54753  120.34   37.64       4   -0.9
 54801  115.48   36.85      35   -6.7
 54804  115.13   36.30      44   -5.0
 54805  115.47   36.45      39   -6.2
 54811  116.62   36.93      20   -4.7
 54812  116.75   36.78      22   -3.0
 54818  116.42   36.25      79   -0.3
 54828  117.68   36.23     229   -3.1
 54834  118.28   36.87      46   -3.5
 54903  115.48   35.85      45   -4.0
 55655   85.97   28.18    3810   -3.2
 55664   87.08   28.63    4300  -14.9
 56043  100.23   34.48    3719  -16.8
 56093  104.02   34.43    2315  -10.2
 56146  100.00   31.62    3393  -12.4
 56183  103.62   31.50    1370   -0.6
 56197  104.17   31.15     535    3.4
 56251  100.32   30.93    3000  -11.5
 56263  101.88   30.88    1949   -2.7
 56287  103.00   29.98     627    5.0
 56298  104.60   30.13     417    4.1
 56342   98.60   29.68    3870   -9.2
 56490  103.90   28.95     424    1.8
 56492  104.60   28.80     340    4.8
 56493  104.97   28.85     292    4.5
 56582  103.90   27.75    1176    0.4
 56586  103.72   27.35    1949   -2.8
 56641   98.87   26.90    1189    2.0
 56651  100.22   26.85    2380   -2.3
 56665  101.85   26.68    1140    3.2
 56739   98.51   24.98    1695    0.2
 56792  104.97   25.78    1649    3.1
 56838   97.85   24.00     762    5.6
 56889  104.17   24.05    1518    4.7
 56959  100.78   22.00     582   11.1
 56969  101.57   21.47     633   12.0
 56977  101.85   22.58    1120   10.7
 56984  103.15   23.38    1720    8.4
 57001  105.33   34.75    1271   -7.5
 57012  106.20   34.98    1664  -10.5
 57027  107.73   34.27     517   -1.5
 57038  108.45   34.28     410   -3.7
 57039  108.88   34.08     445   -4.9
 57057  110.15   34.10     963   -8.0
 57060  111.23   35.17     402   -9.9
 57063  111.77   34.77     523   -7.5
 57075  112.87   34.17     203   -2.1
 57078  112.47   34.15     336   -2.3
 57171  113.12   33.77     142   -2.0
 57179  113.00   33.28     160   -4.1
 57183  113.92   33.80      60   -4.3
 57196  114.87   33.47      42   -6.5
 57198  133.57   33.50      44   -5.9
 57231  108.53   32.53     503   -1.7
 57233  108.50   32.90     413   -2.7
 57260  111.52   32.57     133    1.0
 57261  111.52   33.12     233   -1.8
 57265  111.72   32.42     132   -1.9
 57306  105.97   31.58     382    3.1
 57315  106.40   31.53     655    4.3
 57345  109.62   31.40     337    1.0
 57359  110.73   31.35     336    0.0
 57368  111.63   31.05     141   -0.9
 57411  106.10   30.78     309    2.5
 57414  106.45   30.52     403    3.2
 57420  107.18   30.75     418    2.0
 57431  108.35   30.83     257    2.3
 57469  111.77   30.18      69    4.0
 57495  114.88   30.67      28    1.8
 57496  114.87   30.37      31    4.4
 57499  114.88   30.07      40   -0.2
 57511  106.45   29.85     240    3.3
 57519  107.11   29.16     698    2.7
 57523  107.73   29.85     290    4.7
 57544  109.45   29.47     488    1.3
 57562  111.36   29.58     116    2.1
 57577  112.17   29.40      36    3.7
 57595  114.50   29.60      76   -1.2
 57608  105.43   28.17     377    4.0
 57636  108.50   28.57     334    5.4
 57640  109.45   28.58     341    1.1
 57679  112.79   28.11     115    1.6
 57694  114.38   28.53     259   -3.3
 57710  106.40   27.80     890    6.2
 57754  110.15   27.35     170    1.3
 57758  110.58   27.07     323    1.4
 57761  111.30   27.75     211    1.5
 57763  112.00   27.68     205    2.0
 57774  112.17   27.45     100   -1.7
 57777  112.87   27.23      63    1.9
 57780  113.17   27.87      74    1.6
 57793  114.38   27.80     131   -0.4
 57811  106.60   26.83    1296    5.0
 57818  106.45   26.03    1140    5.1
 57846  110.15   26.58     310    3.7
 57874  112.39   26.41     116    2.8
 57887  113.12   26.12     167    0.2
 57896  114.50   26.33     126    2.6
 57912  106.66   26.14     990    4.1
 57927  107.18   24.97     287    7.4
 57932  108.51   25.93     285    5.1
 57936  108.91   25.76     258    4.0
 57957  110.30   25.32     164    5.6
 57974  112.37   25.58     214    0.1
 57978  112.55   25.27     292   -1.2
 58005  115.67   34.46      50   -3.2
 58013  116.91   34.75      36   -0.6
 58041  119.43   34.78      26    2.6
 58049  119.80   34.02       4   -1.7
 58101  115.48   33.87      41   -3.2
 58113  116.75   33.93      31   -0.2
 58114  116.18   33.48      31   -1.1
 58116  116.83   33.98      31    1.7
 58131  118.22   33.97      25    1.3
 58212  116.77   32.72      23   -0.9
 58225  117.67   32.53      69   -5.5
 58230  118.28   32.12      26   -2.2
 58244  119.59   32.45       5   -1.9
 58247  119.80   32.27       5   -0.1
 58249  120.05   32.16       6   -0.8
 58251  120.28   32.85       3   -1.1
 58268  121.08   32.10       4   -1.3
 58301  115.38   31.82      92    0.5
 58345  119.50   31.43       5   -1.6
 58352  120.77   31.65       4    0.2
 58361  121.37   31.10       5   -0.2
 58365  121.25   31.37       4    0.4
 58377  121.11   31.51       5   -1.2
 58401  115.40   30.75     123   -1.0
 58402  115.67   30.73     123   -2.7
 58443  119.89   31.02      25   -0.6
 58452  120.77   30.73       4   -0.3
 58456  120.52   30.63       6    0.6
 58459  120.29   30.19      44    2.1
 58503  115.67   29.70      41   -1.5
 58531  118.28   29.72     142   -2.8
 58553  120.82   30.05       6   -0.9
 58556  120.82   29.60     104    0.1
 58558  120.22   29.27      89    1.6
 58563  121.83   29.88       5    1.7
 58566  121.88   29.47       6    2.3
 58601  115.38   28.70      53    0.7
 58605  115.38   28.42      46    1.3
 58642  119.80   28.88     105    0.0
 58646  119.93   28.46      59    0.5
 58657  120.28   28.15      57    1.7
 58664  121.37   28.37      35    3.8
 58707  115.13   27.22      66    0.3
 58734  118.12   27.33     196   -0.7
 58760  121.15   27.83      68    6.4
 58907  115.40   25.15     305   -0.3
 58918  116.42   25.05     198    2.6
 58941  119.50   25.97      25    8.9
 58946  119.00   25.45      81    8.5
 59001  105.33   24.78     672    6.6
 59045  109.75   24.48      94    5.3
 59046  109.40   24.35      96    8.0
 59122  117.75   24.62      43    7.9
 59126  117.65   24.50      28    8.7
 59249  109.62   23.12      51    8.3
 59266  111.23   23.42      42    5.7
 59268  111.53   23.25      29    7.1
 59276  112.65   23.35      40    5.0
 59279  112.87   23.18      24    9.2
 59294  113.83   23.33      30    6.9
 59310  116.18   23.77      45    6.1
 59319  116.83   23.43       4    9.1
 59419  106.75   22.10     242    8.8
 59475  112.65   22.40      27    8.6
 59500  115.32   22.97       6   10.6
 59631  108.35   21.78      32    9.0
 59635  108.35   21.62      31   12.6
 59647  109.10   21.03      55   13.6
 59650  110.25   21.40      29    8.9
 59654  110.30   21.63      29    9.5
 59658  110.30   21.15      53   12.2
 59663  111.97   21.83      89   12.0
 59758  110.25   20.00      63   14.3
 59941  109.52   18.77     328   13.7
 50246  124.72   52.35     361  -35.3
 50658  125.88   48.05     236  -32.0
 50739  123.18   47.33     190  -20.3
 50775  130.20   47.34     182  -31.8
 50778  132.53   47.67      57  -28.7
 50878  130.72   47.00      78  -27.0
 50879  130.55   46.22     187  -28.9
 50880  131.12   46.73     102  -21.3
 50939  122.82   45.33     150  -19.7
 50960  127.38   45.73     184  -29.4
 50964  128.80   45.83     119  -30.4
 50978  130.92   45.30     272  -22.8
 50979  130.23   45.27     274  -31.1
 51059   85.87   47.43     984  -27.5
 51076   88.08   47.73     735  -20.5
 51137   82.93   46.20     715  -15.2
 51238   82.07   44.90     532  -17.4
 51346   84.67   44.43     478  -16.7
 51352   85.25   44.85     337  -18.8
 51378   89.17   44.02     734  -16.5
 51438   81.77   43.18    1210   -9.7
 51469   87.18   43.45    1930  -16.4
 51526   88.22   42.23     922  -19.7
 51628   80.23   41.17    1103  -12.8
 51629   80.23   41.27    1132  -12.7
 51642   84.27   41.82     982  -14.5
 51655   86.27   41.35     884  -16.9
 51708   75.95   39.15    1325  -12.4
 51716   78.57   39.80    1116  -12.0
 51717   76.78   39.25    1206  -11.5
 51720   79.05   40.50    1161  -13.5
 51722   80.40   40.65    1044  -13.8
 51810   77.63   38.92    1178  -13.4
 52515   94.87   39.52    2137  -18.2
 52681  103.08   38.63    1367  -14.7
 52784  102.90   37.47    2072   -9.3
 52825   96.43   36.43    2790  -16.2
 52836   98.10   36.30    3189  -17.2
 52853  100.98   36.90    3010  -24.2
 52884  103.95   36.35    1668  -17.0
 52896  104.15   36.55    1738  -11.9
 52957  100.60   35.25    3148  -15.4
 52982  103.55   35.48    1953  -12.1
 52983  104.15   35.87    1874  -12.1
 52995  104.62   35.58    1897  -11.4
 53324  107.05   41.07    1035  -12.8
 53384  113.18   41.45    1423  -17.0
 53391  114.00   41.90    1482  -15.8
 53472  112.57   40.87    1451  -21.2
 53505  105.40   37.88    1380  -13.3
 53584  113.17   39.57    1000  -10.8
 53590  114.27   39.75     977  -17.4
 53611  106.55   38.88    1098  -14.2
 53666  111.93   38.35    1212  -15.4
 53677  112.48   37.93     806   -9.7
 53725  107.58   37.58    1360  -14.2
 53738  108.17   36.92    1331  -16.2
 53740  109.23   37.93    1111  -15.2
 53756  110.72   37.52     744  -11.5
 53757  110.12   37.12     938  -13.1
 53773  114.62   36.33      64   -3.3
 53777  112.15   37.53     759   -9.9
 53789  114.63   37.88      52   -3.2
 53796  114.89   37.62      30   -5.9
 53854  110.07   36.58     804  -12.7
 53861  111.38   35.88     463   -6.6
 53878  113.38   36.52     767  -10.5
 53890  114.10   36.67     280   -1.7
 53899  114.97   36.48      48   -5.1
 53903  105.77   35.97    1916  -16.1
 53914  106.12   35.62    2078  -11.0
 53924  107.62   35.07     966  -12.7
 53941  109.58   35.18     804   -6.1
 53946  109.82   35.60    1091   -9.8
 53948  109.58   34.95     499   -4.0
 53957  110.72   35.62     459   -4.4
 53974  114.23   35.61      70   -3.6
 53991  114.33   35.92      93   -1.6
 54093  130.55   44.93     266  -29.7
 54094  129.67   44.50     305  -27.2
 54096  131.17   44.38     567  -23.1
 54192  130.27   43.70     384  -32.8
 54231  122.35   42.97     248  -13.7
 54261  125.47   42.67     345  -22.9
 54276  126.80   42.40     570  -26.5
 54293  129.83   42.95     142  -21.2
 54313  118.70   41.93     733  -10.3
 54332  122.72   41.52      12   -7.5
 54353  125.05   41.73     328  -18.3
 54365  125.35   41.28     245  -16.0
 54406  115.97   40.45     487  -11.1
 54425  117.47   40.40     633  -12.8
 54434  118.33   40.17     131   -7.8
 54472  122.72   40.88      25   -5.9
 54474  122.35   40.42      24   -4.5
 54476  122.15   40.17      20   -3.7
 54513  116.20   39.95      65   -4.2
 54518  116.39   39.17       8  -10.2
 54527  117.05   39.08       3   -6.3
 54532  118.08   39.81      31   -6.1
 54533  118.10   39.58       8   -6.2
 54534  118.10   39.65      23   -9.4
 54565  121.47   39.60      70   -2.8
 54612  116.46   38.85       4   -7.1
 54618  116.55   38.08      13   -4.7
 54645  117.47   38.85       2   -2.8
 54701  115.20   37.93      35   -2.5
 54707  115.98   37.35      27   -5.0
 54710  116.17   37.87      18   -4.5
 54726  117.18   37.70      11   -6.4
 54727  117.55   36.68     121   -0.8
 54749  119.95   37.18      48    0.7
 54803  116.02   36.98      27   -6.1
 54806  115.97   36.42      33   -4.3
 54817  115.87   35.98      42   -2.9
 54830  117.93   36.82      34   -3.3
 54836  118.17   36.18     305   -4.6
 54851  120.56   36.90      76   -5.7
 54852  120.73   36.97      54   -5.0
 54914  116.08   35.42      40   -5.3
 54915  116.60   35.43      33   -2.1
 54917  116.32   35.10      36   -2.0
 54923  117.93   35.72     202   -3.0
 54929  117.97   35.27     121   -3.4
 54935  118.43   35.53     119   -4.6
 55572   89.10   29.68    4000   -9.9
 56038   98.10   32.98    4200  -14.3
 56067  101.48   33.43    3628  -14.6
 56079  102.97   33.58    3441  -11.5
 56080  102.90   34.99    2910  -15.7
 56096  104.92   33.40    1079   -1.2
 56164  100.98   32.27    3284  -13.3
 56168  102.07   31.48    2168   -5.6
 56172  102.23   31.90    2664   -9.8
 56184  103.17   31.43    1896   -5.5
 56267  101.02   30.03    2600   -6.2
 56284  103.43   30.45     518    2.5
 56285  103.52   30.60     523    4.0
 56290  104.18   30.78     514    4.5
 56297  104.15   30.02     436    5.9
 56371  102.23   29.92    1321    5.3
 56386  103.75   29.57     424    5.5
 56389  103.95   29.20     387    5.4
 56393  104.85   29.77     369    5.5
 56434   97.47   28.65    2327   -1.9
 56483  103.95   28.58     496    4.5
 56494  104.15   28.65     462    5.1
 56565  101.52   27.43    2545   -4.3
 56571  102.27   27.90    1590    3.0
 56593  104.92   28.58     279    4.4
 56646   99.92   26.53    2191   -3.8
 56666  101.72   26.58    1224    4.2
 56688  103.17   26.10    1254   14.0
 56697  104.08   26.22    1984    4.3
 56745   99.95   25.68    1626   -1.2
 56761  101.32   25.72    1878    0.0
 56768  101.55   25.03    1824    1.9
 56774  102.42   25.53    1710   -3.3
 56777  102.07   25.15    1566    0.5
 56778  102.65   25.00    1888    2.5
 56782  103.55   25.42    2067    4.3
 56856  100.87   24.47    1162    1.9
 56880  103.17   24.92    1532    1.3
 56883  103.98   24.82    1900    2.9
 56951  100.08   23.88    1502    2.4
 56961  101.05   23.03    1336    3.8
 56978  102.42   23.00    1642   10.0
 56989  103.95   22.50     137   15.4
 56994  104.28   23.33    1293    8.8
 57008  105.30   34.03    1579   -7.6
 57014  105.87   34.57    1085   -8.2
 57022  107.78   34.68    1026  -10.0
 57024  107.65   34.45     669   -5.9
 57044  109.23   34.40     424   -4.8
 57053  110.72   34.70     505   -8.9
 57089  113.93   34.07      67   -6.4
 57113  106.53   33.90     985   -7.0
 57144  109.15   33.43     693   -4.6
 57178  112.48   33.10     180   -1.7
 57182  113.52   33.85      80   -4.2
 57184  113.30   33.63      97   -4.9
 57187  112.93   33.07     118   -4.7
 57194  114.27   33.28      59   -1.8
 57195  114.62   33.62      46    0.6
 57249  109.68   32.32     448   -4.8
 57254  110.12   32.82     322   -2.0
 57281  113.30   32.70     142   -2.8
 57292  114.63   32.97      44   -2.0
 57318  106.55   31.07     338    0.5
 57324  107.08   31.58     364    0.1
 57338  108.42   31.18     216    2.5
 57361  111.27   31.88     327   -1.3
 57378  112.57   31.17      65    3.7
 57386  114.00   31.25      51   -0.8
 57398  114.62   31.28      74   -2.1
 57447  109.47   30.28     457    1.6
 57453  111.32   30.77     115    2.5
 57476  112.15   30.35      31    0.9
 57484  112.55   30.73      57   -0.1
 57489  114.00   30.58      38    2.6
 57505  105.58   29.42     338    5.4
 57537  108.17   29.30     322    4.2
 57540  109.15   29.68     776   -1.0
 57545  109.42   29.53     502    0.4
 57558  110.47   29.13     183    1.9
 57575  112.55   29.52      31    3.2
 57600  105.06   28.71     420    5.7
 57625  107.45   28.55     679    2.6
 57678  112.55   28.25      74    1.1
 57713  106.88   27.70     843    3.9
 57714  106.23   27.47     942    2.9
 57722  107.47   27.77     792    3.0
 57728  107.47   27.07    1096    4.3
 57738  108.42   27.05     516    3.8
 57743  109.80   27.88     176    1.8
 57745  109.68   27.45     272    1.6
 57779  113.35   27.00     102    1.6
 57806  105.91   26.26    1431    5.6
 57824  107.23   26.58    1001    4.0
 57828  107.58   26.50     983    4.5
 57839  109.16   26.24     568    2.2
 57860  111.28   27.00     283    0.0
 57867  111.28   26.40     169    1.9
 57868  111.86   26.59     113    3.3
 57905  105.63   25.40    1063    6.1
 57907  104.90   25.08    1299    7.3
 57922  107.54   25.83    1013    5.9
 57981  113.22   25.97     139    0.0
 57988  113.35   25.15     102    1.6
 58035  118.35   34.33      29   -3.3
 58040  119.13   34.86       5   -3.4
 58117  116.20   33.13      27   -1.4
 58125  117.52   34.58      22   -2.0
 58146  119.77   33.47       3    0.8
 58158  120.48   33.20       3   -4.5
 58222  117.55   32.85      24   -4.0
 58241  119.45   32.79       5    1.7
 58255  120.57   32.37       6   -3.6
 58264  121.18   32.33       3   -2.3
 58265  121.60   32.07       3   -0.9
 58314  116.32   31.40      86   -4.5
 58323  117.47   31.88      25   -3.8
 58341  119.59   31.98       6    0.3
 58356  121.00   31.40       3    0.4
 58359  120.62   31.13       4    0.2
 58360  121.20   31.92       0   -2.5
 58362  121.45   31.40       5   -0.7
 58414  116.32   30.43     105    0.9
 58415  116.55   30.67      64    0.0
 58426  118.13   30.30     193   -6.0
 58449  119.95   30.05      46   -0.2
 58500  115.20   29.85      45    1.4
 58506  115.98   29.57    1164    0.2
 58512  116.55   29.90      71    0.6
 58517  116.20   29.27      35    0.2
 58523  117.93   29.93     227   -5.3
 58530  118.43   29.87     168   -2.7
 58549  119.65   29.12      62    1.7
 58550  120.25   29.70      39    0.1
 58557  120.08   29.33      90    0.7
 58561  121.60   29.98       4   -1.0
 58570  122.30   29.95      85    2.8
 58618  116.60   28.27      82    0.4
 58624  117.43   28.40      70   -0.2
 58654  120.08   28.67     184   -1.3
 58658  120.68   28.15      34    2.4
 58660  121.20   28.87       6   -0.6
 58704  115.35   27.62      52   -2.8
 58718  116.54   27.23     111   -0.6
 58725  117.47   27.33     218   -2.3
 58748  119.65   27.10      50    5.5
 58750  120.08   27.78     105    1.5
 58755  120.39   27.50     118    5.0
 58804  115.35   26.35     151    0.6
 58821  117.47   26.73     173    0.1
 58828  117.62   26.27     208    2.3
 58834  118.17   26.63     152    3.0
 58931  118.10   25.72    1653    0.9
 58936  118.70   25.37      77    6.0
 58942  119.38   25.72      39    8.9
 59012  106.55   24.78     972    6.4
 59061  111.27   24.82     193    2.3
 59064  111.32   24.55     136    2.4
 59074  112.15   24.57     300   -0.5
 59081  113.29   24.78     131    2.9
 59091  114.52   24.75     277   -1.8
 59113  116.72   24.73     226    2.1
 59114  116.17   24.65     135    3.8
 59205  105.63   23.65     685    9.1
 59213  106.92   23.73     110    8.4
 59228  107.58   23.32     108    9.4
 59230  108.17   23.72     168    9.0
 59241  109.68   23.97      90    4.2
 59242  109.23   23.75      84    6.8
 59265  111.30   23.48     114    5.7
 59429  108.01   22.18     216    6.1
 59453  110.12   22.67     121    8.8
 59456  110.93   22.35     141    9.6
 59487  113.30   22.23      23   12.6
 59493  114.00   22.53      63   13.2
 59750  110.07   20.97      33   11.8
 59842  109.68   19.90      31   11.9
 59845  109.58   19.52     169   14.6
 59855  110.47   19.23      25   15.2
 59981  112.33   16.83       4   22.3
