diamond 3 2014年01月05日018时地面相对湿度rh(%)
14 01 05 018 1000 3 30 60 80 1 0 0 1  836
56969  101.58  21.47   633   100
58846  119.52  26.67    32    68
58834  118.17  26.63   152    80
59133  118.92  24.90    21    67
57832  108.67  26.97   626    54
54929  117.97  35.27   121    81
51367   86.82  44.13   522    83
51186   90.38  46.67  1218    71
54135  122.27  43.60   178    85
50136  122.52  52.97   433    74
58531  118.28  29.72   142    83
59218  106.42  23.13   739    70
59023  108.03  24.70   260    56
56786  103.83  25.58  1898    71
56875  102.55  24.33  1716    89
53929  107.80  35.20  1206    30
57343  109.53  31.90   995    62
58255  120.57  32.37     6    89
58259  120.98  32.08     4    84
58354  120.35  31.62     3    84
57584  113.08  29.38    53    54
57673  112.88  28.68    53    42
57780  113.17  27.87    74    36
58608  115.55  28.07    30    57
50514  117.32  49.58   661    72
57181  113.05  33.88   136    62
58005  115.67  34.45    50    92
57516  106.47  29.58   259    87
57774  112.17  27.45   100    66
50978  130.92  45.30   272    67
53775  112.53  37.43   781    40
58236  118.25  32.35    33    90
58424  116.97  30.62    62    55
58634  118.25  28.68   116    72
53463  111.57  40.85  1153    43
53502  105.75  39.78  1031    35
53192  114.95  44.02  1126    68
52866  101.75  36.73  2295    52
56029   96.97  33.00  3716    24
56173  102.55  32.80  3491    47
56666  101.72  26.58  1224    31
59417  106.85  22.33   128    83
59278  112.45  23.03    41    64
58402  115.67  30.73   123    65
57655  110.40  28.47   151    33
57649  109.68  28.23   254    85
51886   90.85  38.25  2944    30
57520  107.07  29.83   377    93
50658  125.88  48.05   236    70
57348  109.53  31.02   299    83
58321  117.30  31.78    27    64
58429  117.85  30.98    11    69
53863  111.92  37.03   743    58
53446  109.88  40.53  1004    71
57687  112.92  28.22    68    29
57399  114.95  31.13    74    42
52825   96.43  36.43  2790    29
58725  117.47  27.33   218    88
54511  116.47  39.80    31    81
50442  124.12  50.40   371    70
52203   93.52  42.82   737    69
51463   87.65  43.78   935    85
54449  119.52  39.85     2    86
54602  115.48  38.73    16    80
54624  117.32  38.40     4    92
57502  105.70  29.70   394    93
56331   97.83  29.67  3780    34
56128   96.60  31.22  3810    41
56434   97.47  28.65  2327    48
56021   95.80  34.12  4175    22
57745  109.68  27.45   272    75
57358  110.97  30.83   295    55
53478  112.45  40.00  1345    62
54843  119.20  36.75    22    97
54751  120.73  37.93    39    79
54836  118.17  36.18   305    84
54335  122.08  41.68    37    79
54027  119.40  43.98   486    81
50915  116.97  45.52   838    78
50742  124.48  47.80   162    77
52984  103.18  35.58  1917    47
59298  114.37  23.07   108    78
59303  115.75  23.92   135    86
59754  110.18  20.33    55    88
57426  107.80  30.68   454    90
56643   98.85  25.87   949    59
56886  103.77  24.53  1704    86
56951  100.08  23.88  1502    77
56966  101.98  23.60   400    70
58040  119.13  34.85     5    97
57445  109.72  30.60   609    93
57894  114.17  26.58   843    53
56485  103.58  28.27  1255    75
57237  108.03  32.07   674    90
57127  107.03  33.07   509    58
57154  110.90  33.53   523    45
59280  113.08  23.72    79    61
54254  124.05  42.53    98    76
54243  124.12  42.78   165    61
50838  122.05  46.08   274    71
53231  106.38  41.45  1510    37
54208  116.47  42.18  1245    76
51747   83.67  39.00  1099    66
51730   81.27  40.55  1012    77
51644   82.97  41.72  1081    81
59021  107.03  24.55   509    62
58450  120.05  30.87     7    93
58666  121.90  28.45    86    88
58742  119.55  28.12   163    85
58562  121.55  29.78     5    93
58569  121.95  29.20   128    93
58731  118.53  27.92   276    88
54284  127.50  42.15   774    77
54377  126.22  41.15   225    79
58221  117.30  32.85    26    85
53612  106.18  37.98  1128    30
59158  120.68  24.15    78    77
59567  121.55  22.03   325    62
59997  114.37  10.38     5    79
53487  113.42  40.08  1052    60
59673  112.77  21.73    21    84
57285  113.42  32.38   153    57
54753  120.33  37.63     4    86
51628   80.23  41.17  1103    72
56751  100.18  25.70  1990    49
58238  118.90  31.93    35    83
58026  118.02  34.40    25    89
58027  117.15  34.28    41    82
59117  116.07  24.28   116    84
59088  113.42  24.18    74    86
54195  129.78  43.30   244    75
57306  105.97  31.58   382    95
57608  105.43  28.17   377    84
50564  127.35  49.43   234    66
50739  123.18  47.33   190    74
57030  108.15  34.70   994    34
54333  122.85  41.97    30    80
56227   95.77  29.87  2736    58
51567   86.57  42.08  1055    83
51288   90.53  45.37  1653    60
51346   84.67  44.43   478    77
51839   82.72  37.07  1409    45
54857  120.33  36.07    76    90
58557  120.08  29.33    90    69
58633  118.90  29.00    82    62
58667  121.27  28.08    95    79
58467  121.27  30.20     4    91
58752  120.65  27.78    39    91
58038  118.78  34.08    10    81
58744  119.42  27.45   815    92
58933  118.98  26.92   869    80
58927  117.02  25.05   376    83
50948  124.02  45.00   146    65
54260  125.08  42.92   252    76
52787  102.87  37.20  3045    31
58314  116.32  31.40    86    71
58336  118.57  31.70    80    65
58414  116.32  30.43   105    44
58436  118.98  30.62    87    75
53723  107.38  37.80  1349    28
53806  105.65  36.57  1854    25
57606  106.83  28.13   972    77
57827  107.53  26.32   969    66
51431   81.33  43.95   662    86
51701   75.40  40.52  3504    52
57483  113.13  30.67    31    37
52495  104.80  40.17  1323    32
50950  125.25  45.70   148    55
58122  116.98  33.63    25    82
58319  116.95  31.07    85    55
58419  117.02  30.10    17    79
57091  114.30  34.78    73    56
59242  109.23  23.75    84    63
56954   99.93  22.57  1054    92
58252  119.47  32.18    27    83
57562  111.37  29.58   116    48
57669  111.22  28.38   128    72
52737   97.38  37.37  2981    21
52713   95.35  37.85  3173    23
58507  115.12  29.25   116    57
53480  113.07  41.03  1419    50
52323   97.03  41.80  1770    72
53594  114.18  39.45   938    54
53787  112.98  37.07  1041    41
54826  117.10  36.25  1533    40
57993  115.00  25.87   137    79
54523  117.02  39.38     4    88
52908   93.08  35.22  4612    34
53740  109.23  37.93  1111    39
57749  110.00  27.57   257    66
56033   98.22  34.92  4272    52
57265  111.73  32.43   132    42
57405  105.55  30.50   355    85
51243   84.85  45.62   449    71
57003  106.83  34.90   924    46
57025  107.38  34.52   781    42
57028  107.32  34.03  1543    46
54423  117.92  40.97   422    66
50758  125.90  47.18   246    69
56109   93.78  31.48  3940    24
56106   93.78  31.88  4022    15
54064  125.15  44.38   170    76
54171  126.52  43.70   229    76
54363  125.90  41.68   402    79
59096  114.48  24.37   214    82
59306  115.85  23.45    80    90
56792  104.97  25.78  1649    90
52436   97.03  40.27  1526    43
53963  111.37  35.65   433    29
53959  111.05  35.05   365    16
53882  113.07  36.05   991    37
56178  102.35  31.00  2438    56
54455  120.65  40.62    20    83
59358  120.22  23.00    14    71
53519  106.77  39.22  1092    34
53705  105.68  37.48  1183    18
56763  101.87  25.73  1120    41
57872  112.60  26.90   104    38
57642  109.63  28.70   325    87
57853  110.63  26.73   341    61
59948  109.58  18.22   419    93
53663  111.82  38.92  1401    49
53664  111.13  38.47  1012    25
59102  115.65  24.95   303    93
53352  110.43  41.70  1376    37
53195  113.63  43.85  1036    37
52267  101.07  41.95   940    49
57193  114.52  33.78    52    87
57583  113.97  29.92    61    46
57776  112.70  27.30  1265    40
50862  127.98  46.98   206    72
53915  106.67  35.55  1346    30
58437  118.15  30.13  1840    18
58519  116.68  29.00    40    56
52974  102.02  35.52  2491    26
56964  100.97  22.78  1302    96
50877  129.58  46.30   100    64
52533   98.48  39.77  1477    38
57741  109.18  27.72   282    75
56034   97.13  33.80  4415    37
57633  108.77  28.82   826    46
57793  114.38  27.80   131    44
54823  117.00  36.60   170    70
55493   91.10  30.48  4200    25
50844  123.45  46.40   138    79
54623  117.72  39.05     4    86
56151  100.75  32.93  3530    17
52645   99.58  38.42  3320    57
50632  121.92  48.77   739    80
52378  102.37  41.37   960    39
51334   82.90  44.60   318    79
51053   86.40  48.05   532    73
54346  123.78  41.32   185    83
54351  124.08  41.92   118    77
54606  115.73  38.23    19    91
59289  113.73  22.97    56    67
59317  116.30  23.03    14    72
56018   95.28  32.88  4066    16
56223   95.83  30.75  3640    31
55279   90.02  31.38  4700    16
55294   91.10  32.35  4800    20
55248   84.42  32.15  4414    15
55681   90.40  28.97  4431    26
54273  126.75  42.98   263    71
57916  106.77  25.43   440    86
52986  103.87  35.37  1893    79
56043  100.23  34.48  3719    36
56187  103.87  30.75   547    86
57381  113.33  31.62   116    60
54744  118.55  37.58     8    90
57313  106.77  31.87   417    95
59845  109.58  19.52   169    80
50247  123.57  52.03   514    78
59664  110.98  21.53    31    89
57647  109.18  28.15   406    84
57290  114.02  33.00    82    79
51477   88.32  43.35  1103    77
51232   82.57  45.18   336    72
51068   87.47  47.12   500    65
51526   88.22  42.23   922    73
58138  118.52  32.98    40    86
58158  120.48  33.20     3    95
54259  124.92  42.10   237    78
58527  117.20  29.30    61    59
56479  102.85  28.00  2132    87
50349  124.40  51.67   501    77
53735  108.80  37.62  1336    22
53948  109.58  34.95   499    28
57131  108.97  34.43   410    47
59097  114.20  24.05   198    93
59092  114.82  24.92   206    88
52833   98.48  36.93  2950    31
52754  100.13  37.33  3301    40
56065  101.60  34.73  3500    56
58944  119.78  25.52    32    83
58926  117.42  25.30   205    83
54237  121.75  42.07   167    83
54486  123.28  40.28    79    81
57612  106.65  29.00   474    90
55655   85.97  28.18  3810    20
51804   75.23  37.77  3090    56
51573   89.20  42.93    34    65
54916  116.85  35.57    51    90
58472  122.45  30.73    79    70
58665  121.42  28.62     4    89
58837  118.15  26.17   137    93
50936  122.83  45.63   155    75
54041  123.07  44.80   150    82
54263  126.05  42.97   336    72
58203  115.73  32.87    32    84
58520  117.72  29.85   142    81
55472   88.63  30.95  4672    15
51542   84.15  43.03  2458    71
52797  104.05  37.18  1630    24
57279  112.75  32.15   125    44
58407  115.03  30.23    32    49
57378  112.57  31.17    65    38
56182  103.60  32.67  2881    59
56257  100.27  30.00  3948    16
59316  116.68  23.40     2    55
59663  111.97  21.83    89    86
53687  113.63  37.78   753    51
50353  126.63  51.73   173    70
58118  116.52  33.27    26    84
58311  116.50  31.73    74    57
56444   98.92  28.48  3319    27
56144   98.58  31.80  3184    29
57696  114.78  28.40    91    63
59644  109.13  21.45    12    92
57718  106.73  27.10  1038    73
57816  106.73  26.58  1223    67
57574  112.40  29.37    36    41
56172  102.23  31.90  2664    47
52424   95.78  40.53  1170    53
53923  107.63  35.73  1421    22
59324  117.03  23.43     7    52
58715  116.65  27.58    80    81
56096  104.92  33.40  1079    43
55585   90.17  29.43  3809    18
56312   94.33  29.67  2991    54
57545  109.42  29.53   502    90
57493  114.33  30.35    73    37
54842  120.00  36.78    62    92
57297  114.05  32.13   114    60
56188  103.67  31.00   698    68
51656   86.13  41.75   931    56
53738  108.17  36.92  1331    36
54518  116.40  39.17     8    92
54705  115.38  37.37    27    64
57523  107.73  29.85   290    82
56116   95.60  31.42  3873    46
55690   91.95  27.98  4280    62
50949  124.87  45.08   136    57
54181  127.33  43.70   295    66
54386  128.18  41.42   775    69
57707  105.28  27.30  1510    62
56691  104.28  26.87  2237    83
56125   96.47  32.20  3643    35
57758  110.58  27.07   323    58
54134  121.28  43.60   241    81
59116  116.70  24.33    81    95
56533   98.67  27.75  1583    65
56985  103.38  23.38  1300    80
56991  104.33  23.62  1561    94
58143  119.85  33.80     4    91
54470  122.07  41.02     5    77
54324  120.43  41.55   174    85
56565  101.52  27.43  2545    10
56357  100.30  29.05  3727    13
57573  112.90  29.83    30    58
54094  129.60  44.57   241    77
50873  130.30  46.78    82    78
53725  107.58  37.58  1360    20
53754  110.22  37.50   929    45
53942  109.42  35.77  1155    27
59462  111.60  22.70    60    85
59501  115.37  22.80    16    69
54497  124.33  40.05    13    86
54579  122.58  39.27    35    83
57729  107.88  27.23   622    49
53083  114.15  44.62  1181    81
54026  120.90  44.57   265    70
50425  120.18  50.25   581    80
51433   82.52  43.80  1105    88
59209  105.83  23.42   794    71
59228  107.58  23.32   108    73
58457  120.17  30.23    41    89
58477  122.10  30.03    35    95
58358  120.43  31.07    16    89
58730  118.03  27.77   222    73
54157  124.33  43.17   165    76
57077  111.65  33.78   742    42
53817  106.27  36.00  1753    26
57598  114.58  29.03   146    67
58600  115.37  28.87    78    50
53898  114.40  36.05    62    59
56748   99.18  25.12  1652    77
58818  116.63  26.23   358    85
58734  118.12  27.33   196    93
56202   93.28  30.67  4488    54
57926  107.88  25.42   428    61
57614  106.22  28.33  1180    95
51469   87.18  43.45  1930    79
52101   93.05  43.60  1677    59
51241   83.60  45.93  1077    73
51777   88.17  39.03   887    57
51330   81.02  44.97  1357    78
57482  113.95  30.90    25    37
57494  114.05  30.60    23    56
57278  112.08  32.00   163    35
53602  105.67  38.83  1561    17
50639  122.73  48.00   306    75
53149  110.13  42.53  1225    30
56475  102.52  28.65  1659    88
54308  116.63  41.20   735    67
59485  113.40  22.50    33    80
53975  112.40  35.48   659    36
50774  128.83  47.70   264    82
50788  131.98  47.23    66    68
58506  115.98  29.58  1164    41
56548   99.28  27.17  2326    34
58241  119.45  32.80     5    74
58251  120.28  32.85     3    86
57766  111.45  27.18   311    46
57874  112.40  26.42   116    63
57965  111.60  25.53   192    67
53276  112.90  42.40  1150    25
54115  118.03  43.63   825    71
57889  113.95  26.08   835    61
50973  130.60  45.75   234    64
52447   98.88  40.00  1270    44
52652  100.28  39.08  1461    35
53673  112.72  38.73   828    35
53490  114.05  40.43  1014    57
57789  113.95  27.13   194    55
58705  115.42  27.33    85    71
58974  122.07  25.63   102    58
58606  115.92  28.60    46    51
53564  111.15  39.38   861    71
54349  124.13  41.30   258    85
58847  119.28  26.08    84    55
59321  117.50  23.78    53    52
57912  106.63  26.13   990    73
57803  106.02  27.03  1231    72
51704   76.17  39.72  1298    59
51437   81.13  43.15  1851    81
51358   85.82  44.28   468    86
57439  108.93  30.28  1074    76
54102  116.12  43.95  1003    54
56462  101.50  29.00  2925    43
59082  113.60  24.67   121    76
58338  118.58  31.15    17    76
57238  107.90  32.53   693    66
59985  111.62  16.53     4    78
56046   99.65  33.75  3967    35
52955  100.73  35.58  3120    45
50468  127.45  50.25   166    79
53068  111.93  43.63   963    54
54012  117.60  44.58  1001    67
59254  110.08  23.40    42    55
51633   81.90  41.78  1229    83
57259  110.77  32.03   426    38
57845  109.78  26.17   397    55
53821  107.30  36.57  1255    39
53578  112.43  39.37  1114    56
58326  117.83  31.58    30    63
56374  101.97  30.05  2615    82
58843  120.02  26.88    56    65
59453  110.12  22.67   121    67
59954  110.03  18.55    35    90
59838  108.62  19.10     7    93
51810   77.63  38.92  1178    53
59037  108.10  23.93   170    65
56074  102.08  34.00  3471    38
52674  101.97  38.23  1976    20
59271  112.43  23.63    57    79
55299   92.07  31.48  4507    20
56137   97.17  31.15  3315    28
56671  102.25  26.65  1787    54
57866  111.62  26.23   172    51
57256  110.78  32.65   286    32
54725  117.53  37.50    11    97
57071  112.43  34.82   333    60
56459  101.27  27.93  2426    10
56167  101.12  30.98  2957    58
56079  102.97  33.58  3441    49
58754  120.20  27.33    36    68
53336  108.52  41.57  1288    55
51705   75.25  39.72  2175    21
51931   81.65  36.85  1422    43
53646  109.78  38.27  1157    23
54429  117.95  40.20    54    71
50888  132.18  46.32    83    80
56317   94.22  29.22  2950    73
54266  125.63  42.53   340    76
50945  124.27  45.50   137    62
54161  125.22  43.90   236    63
54165  125.63  43.55   219    75
54186  128.20  43.37   524    74
54286  129.00  42.53   475    65
54374  126.88  41.80   379    77
57731  108.25  27.95   416    52
57922  107.55  25.83  1013    72
52889  103.88  36.05  1517    46
52446   99.52  40.30  1177    53
52681  103.08  38.63  1367    32
56004   92.43  34.22  4533    35
52633   98.42  38.82  3367    38
57752  110.60  27.92   204    61
57857  110.32  26.37   477    49
57251  110.42  33.00   249    64
56196  104.73  31.45   522    76
57051  111.20  34.80   409    35
54454  120.30  40.33    29    83
57355  110.37  31.03   334    41
56664  101.27  26.63  1230    67
56739   98.50  25.02  1654    95
58141  118.93  33.63    12    75
58130  117.95  33.93    23    87
54471  122.17  40.65     3    70
52818   94.92  36.42  2807    33
58718  116.53  27.22   111    75
56152  100.33  32.28  3893    41
53651  110.47  38.82  1098    41
57046  110.08  34.48  2064    65
57106  106.15  33.32   794    49
59107  115.28  24.12   179    73
54452  119.82  40.80   365    81
54584  122.95  39.72    34    83
55680   89.60  28.92  4040    28
55589   90.98  29.30  3555    33
51811   77.27  38.43  1231    55
51156   85.72  46.78  1291    75
59632  108.62  21.95     4    81
54776  122.70  37.40    47    89
58918  116.42  25.05   198    91
59134  118.07  24.48   139    44
59855  110.47  19.23    24    89
58102  115.77  33.87    37    89
57503  105.12  29.62   349    93
58968  121.52  25.03     9    59
54326  119.70  41.38   422    76
57211  106.25  32.83   836    82
57232  108.27  33.05   484    54
54472  122.72  40.88    25    87
54660  121.23  38.82    66    91
54662  121.63  38.90    91    86
57932  108.53  25.97   285    80
52112   95.13  43.77   479    43
51711   78.45  40.93  1985    35
59446  109.30  22.42    66    78
58448  119.70  30.22   117    87
58345  119.48  31.43     5    91
59293  114.73  23.80    70    85
53877  112.25  36.17   860    40
50745  123.92  47.38   147    64
57156  111.50  33.30   250    41
53986  113.88  35.32    73    52
57083  113.65  34.72   110    51
57089  113.93  34.07    67    80
59065  111.50  24.42   148    63
56543   99.70  27.83  3276    30
56946   99.40  23.55  1104    87
54406  115.97  40.45   487    75
59981  112.33  16.83     4    79
59849  109.83  19.03   250    93
57554  110.17  29.40   322    46
57974  112.37  25.58   214    40
54292  129.50  42.87   257    78
58225  117.67  32.53    69    71
53615  106.70  38.80  1101    41
53704  105.18  37.53  1225    28
53810  105.90  36.97  1339    19
57671  112.37  28.85    37    54
52943   99.98  35.58  3323    38
58626  117.25  28.32    60    40
50834  121.22  46.60   499    74
58208  115.62  32.17    42    61
57517  106.25  29.28   261    87
57536  108.78  29.53   607    57
50656  126.50  48.27   277    73
53853  110.95  36.70  1052    30
58015  116.33  34.45    44    95
54764  121.23  37.48    53    97
58034  118.32  34.60    36    84
57206  105.85  32.43   513    85
56247   99.10  30.00  2589    13
58737  118.32  27.05   154    93
57432  108.40  30.77   186    95
55437   81.25  30.28  3900    29
57581  113.45  29.82    27    47
54863  121.18  36.78    40    86
57825  107.98  26.60   720    56
58111  116.45  33.97    32    89
56571  102.27  27.90  1590    22
51133   83.00  46.73   534    77
53399  114.70  41.15  1393    52
53593  114.57  39.83   909    55
53698  114.35  38.07   103    64
54405  115.50  40.42   570    46
54436  118.95  40.42   254    71
54096  131.17  44.38   567    60
50246  124.72  52.35   361    70
57512  106.28  29.97   230    95
55696   92.47  28.42  3860    48
54049  123.97  44.25   188    64
57805  105.77  26.68  1319    72
57806  105.90  26.25  1431    83
57902  105.18  25.43  1378    90
57840  109.20  26.90   401    66
52895  104.68  36.57  1398    50
53868  111.50  36.07   449    33
57052  110.45  34.88   354    34
53772  112.58  37.62   776    38
53764  111.10  37.50   950    34
54493  124.78  40.72   260    85
57359  110.73  31.35   336    42
57996  114.25  25.08   149    85
57178  112.58  33.03   129    51
51379   89.57  44.02   793    83
58343  119.98  31.88     4    76
54563  122.02  39.63   118    87
58622  117.58  28.95    88    80
50983  132.97  45.77   100    74
53854  110.07  36.58   804    43
53955  110.45  35.47   458    27
57049  109.73  34.52   341    59
57124  106.93  33.63  1032    45
57134  107.98  33.52   827    47
58813  116.33  26.85   143    84
58921  117.35  25.97   206    88
55664   87.08  28.63  4300    19
57712  106.95  27.73   983    91
54945  119.53  35.43    36    82
51087   89.52  46.98   807    71
50548  123.72  49.20   286    72
50527  119.70  49.25   649    76
57328  107.50  31.20   344    92
54311  117.77  41.97   892    77
59072  112.37  24.80   131    77
59304  115.18  23.63   176    93
56959  100.78  22.00   582    90
54236  122.55  42.38    79    82
54339  123.00  41.08    77    62
56287  103.00  29.98   627    79
53845  109.45  36.58  1180    36
57143  109.97  33.87   742    41
57245  109.03  32.72   290    39
50618  118.27  48.22   642    69
51581   90.23  42.85   398    78
51467   86.33  42.77  1732    55
51709   75.98  39.47  1289    64
51716   78.57  39.80  1116    70
59265  111.30  23.48   114    72
58464  121.08  30.62     5    90
58760  121.15  27.83    68    85
58646  119.92  28.45    59    77
58135  118.22  33.48    16    84
59126  117.65  24.50    28    64
58820  117.17  26.90   342    90
59113  116.72  24.73   226    71
58911  116.37  25.85   310    85
52679  102.67  37.92  1531    28
53614  106.20  38.47  1110    42
53910  106.20  35.67  2841    69
52602   93.33  38.75  2770    20
55773   89.08  27.73  4300    54
55228   80.08  32.50  4278    36
54525  117.28  39.73     5    78
57910  106.08  25.77  1197    80
54715  116.57  37.32    18    92
51495   91.73  43.22   721    35
53513  107.37  40.73  1041    59
54226  120.70  42.33   400    70
59658  110.30  21.15    53    86
59488  113.57  22.28    51    82
59087  113.52  23.88    97    88
56684  103.28  26.42  2110    49
56977  101.85  22.58  1120    94
56986  103.68  22.98  1414    99
57896  114.50  26.33   126    59
53543  109.98  39.83  1461    25
59211  106.60  23.90   174    79
59431  108.22  22.63   121    82
57067  111.03  34.05   568    45
57682  113.57  28.72   106    36
50968  127.97  45.22   189    79
50953  126.57  45.93   118    74
53588  113.52  38.95  2208    33
58637  117.98  28.45   118    60
57799  114.92  27.05    71    58
58806  116.02  26.48   209    74
54218  118.83  42.30   668    82
56146  100.00  31.62  3393    29
56586  103.72  27.35  1949    79
59007  105.07  24.07  1249    92
59647  109.10  21.03    55    93
50557  125.23  49.17   242    73
59626  107.97  21.53    21    84
57947  109.40  25.22   121    74
59046  109.40  24.35    96    64
52657  100.25  38.18  2787    36
52707   93.68  36.80  2767    37
52765  101.62  37.38  2850    50
53529  107.97  39.08  1381    45
57595  114.50  29.60    76    30
56492  104.60  28.80   340    86
59758  110.25  20.00    63    84
51365   87.53  44.20   440    61
51655   86.27  41.35   884    83
52118   94.70  43.27  1728    59
51076   88.08  47.73   735    72
51238   82.07  44.90   531    79
57034  108.22  34.25   447    45
53798  114.50  37.07    77    68
54401  114.92  40.77   772    48
54539  118.88  39.43    10    75
56342   98.60  29.68  3870    25
54063  126.00  44.97   196    62
54142  123.53  43.50   114    68
54285  128.12  42.42   721    82
57710  106.40  27.80   890    95
56793  104.47  25.72  1800    64
57906  106.08  25.18   566    91
52418   94.68  40.15  1139    59
57841  109.67  26.57   320    58
57761  111.30  27.75   211    61
57461  111.30  30.70   133    41
53968  111.67  35.28   505    57
57957  110.30  25.32   164    52
59631  108.35  21.78    32    85
54909  115.52  35.08    51    92
57411  106.10  30.78   309    95
54334  121.25  41.52    74    85
50854  125.32  46.38   149    69
59294  113.83  23.33    30    92
51059   85.87  47.43   984    70
56838   97.85  24.00   762    92
59562  121.15  22.75    10    64
59792  116.72  20.67     6    58
59559  120.75  22.00    24    62
53391  114.00  41.90  1482    60
50603  116.82  48.67   554    78
56386  103.75  29.57   424    88
50756  126.97  47.45   239    81
59058  110.52  24.20   145    80
56768  101.55  25.03  1824    55
56856  100.87  24.47  1162    92
58265  121.60  32.07     3    86
57662  111.68  29.12   150    46
50727  119.93  47.17   997    74
57395  114.12  31.57    74    42
57972  113.03  25.80   184    30
52884  103.95  36.35  1668    48
53884  113.03  36.52   877    49
53859  110.67  36.10   851    33
52836   98.10  36.30  3189    34
52876  102.83  36.33  1813    39
55578   88.88  29.25  3836    10
56778  102.65  25.00  1888    76
50963  128.73  45.97   108    81
57604  105.38  28.78   368    94
56093  104.02  34.43  2315    58
54808  115.63  36.23    37    68
58362  121.45  31.40     5    89
58215  116.78  32.43    25    92
56251  100.32  30.93  3000    31
52661  101.08  38.80  1765    28
58500  115.20  29.85    45    37
54727  117.55  36.68   121    78
54528  117.13  39.23     3    91
56307   92.58  29.15  3260    38
56385  103.33  29.52  3047    40
54416  116.87  40.38    71    73
54213  119.02  42.93   634    71
50853  126.97  46.62   179    76
57048  108.72  34.40   472    55
57037  108.98  34.93   710    30
54337  121.12  41.13    65    84
54534  118.10  39.65    23    87
54618  116.55  38.08    13    92
59493  114.00  22.53    63    70
59478  112.78  22.25    32    83
56228   96.92  30.05  3260    26
55572   89.10  29.68  4000     8
54342  123.52  41.73    49    77
57907  104.90  25.08  1299    87
57625  107.45  28.55   679    67
52996  105.02  35.38  2450    81
52546   99.83  39.37  1332    48
56080  102.90  35.00  2910    45
57779  113.35  27.00   102    45
57679  112.78  28.12   115    39
54774  122.13  37.47    65    89
54476  122.15  40.17    20    88
52576  101.68  39.22  1510    33
52856  100.62  36.27  2835    52
57014  105.87  34.57  1085    47
59287  113.48  23.22    70    92
59456  110.93  22.35   141    78
51818   78.28  37.62  1375    44
56651  100.22  26.85  2380    15
58047  119.23  34.25     4    95
56038   98.10  32.98  4200    17
57144  109.15  33.43   693    44
54353  125.05  41.73   328    75
54365  125.35  41.28   245    81
53362  111.68  41.53  1490    33
50434  121.68  50.48   732    80
52313   94.67  41.53  1573    63
58543  119.02  29.62   171    66
58549  119.65  29.12    62    61
58553  120.82  30.05     6    93
58556  120.82  29.60   104    76
58652  120.72  28.87    83    78
58150  120.25  33.77     2    95
58356  121.00  31.40     3    80
58936  118.70  25.37    77    72
58931  118.10  25.72  1653    21
54276  126.80  42.40   570    73
53903  105.72  35.97  1916    54
57839  109.15  26.23   568    60
56693  104.87  26.58  1815    87
52868  101.43  36.03  2237    27
54527  117.05  39.08     3    92
57722  107.47  27.77   792    58
51639   82.78  41.23   980    66
51828   79.93  37.13  1375    36
51720   79.05  40.50  1161    79
51642   84.27  41.82   982    74
51470   88.12  43.88  1942    80
51060   86.87  47.70   473    70
52983  104.15  35.87  1874    44
57447  109.47  30.28   457    93
57458  110.67  30.20   619    53
57476  112.15  30.35    31    46
