diamond 3 2014年01月06日003时地面相对湿度rh(%)
14 01 06 003 1000 3 30 60 80 1 0 0 1  828
50742  124.48  47.80   162    78
58634  118.25  28.68   116    48
57502  105.70  29.70   394    84
57655  110.40  28.47   151    31
56029   96.97  33.00  3716    14
58236  118.25  32.35    33    69
58429  117.85  30.98    11    48
58531  118.28  29.72   142    54
56128   96.60  31.22  3810    33
53446  109.88  40.53  1004    47
53863  111.92  37.03   743    38
57181  113.05  33.88   136    56
58402  115.67  30.73   123    40
59417  106.85  22.33   128    85
57649  109.68  28.23   254    84
53775  112.53  37.43   781    41
53463  111.57  40.85  1153    25
53502  105.75  39.78  1031    23
53192  114.95  44.02  1126    40
56067  101.48  33.43  3628    42
58321  117.30  31.78    27    50
57687  112.92  28.22    68    33
57348  109.53  31.02   299    66
56434   97.47  28.65  2327    71
57745  109.68  27.45   272    70
54751  120.73  37.93    39    80
54836  118.17  36.18   305    83
54843  119.20  36.75    22    89
57358  110.97  30.83   295    61
56173  102.55  32.80  3491    28
56021   95.80  34.12  4175    22
58846  119.52  26.67    32    56
54335  122.08  41.68    37    61
57520  107.07  29.83   377    92
56331   97.83  29.67  3780    18
50978  130.92  45.30   272    52
57774  112.17  27.45   100    46
57399  114.95  31.13    74    42
54929  117.97  35.27   121    73
57894  114.17  26.58   843    38
54208  116.47  42.18  1245    31
57343  109.53  31.90   995    55
53929  107.80  35.20  1206    36
57127  107.03  33.07   509    71
50915  116.97  45.52   838    46
51747   83.67  39.00  1099    77
51367   86.82  44.13   522    80
51855   85.55  38.15  1247    72
59298  114.37  23.07   108    59
59303  115.75  23.92   135    64
58834  118.17  26.63   152    45
57426  107.80  30.68   454    82
58040  119.13  34.85     5    67
53612  106.18  37.98  1128    23
54254  124.05  42.53    98    48
54243  124.12  42.78   165    50
59133  118.92  24.90    21    59
56666  101.72  26.58  1224    38
57237  108.03  32.07   674    71
57832  108.67  26.97   626    78
58608  115.55  28.07    30    58
59278  112.45  23.03    41    49
59280  113.08  23.72    79    56
59754  110.18  20.33    55    68
58005  115.67  34.45    50    79
57780  113.17  27.87    74    42
57673  112.88  28.68    53    68
57584  113.08  29.38    53    75
59021  107.03  24.55   509    74
59218  106.42  23.13   739    91
59023  108.03  24.70   260    86
51730   81.27  40.55  1012    84
51644   82.97  41.72  1081    65
50136  122.52  52.97   433    78
52984  103.18  35.58  1917    41
54511  116.47  39.80    31    80
54449  119.52  39.85     2    69
54602  115.48  38.73    16    88
54624  117.32  38.40     4    70
58562  121.55  29.78     5    72
58569  121.95  29.20   128    63
56485  103.58  28.27  1255    67
53478  112.45  40.00  1345    32
50658  125.88  48.05   236    73
58731  118.53  27.92   276    55
58221  117.30  32.85    26    60
57154  110.90  33.53   523    39
51886   90.85  38.25  2944    24
52825   96.43  36.43  2790    23
58450  120.05  30.87     7    76
58666  121.90  28.45    86    72
58742  119.55  28.12   163    51
50442  124.12  50.40   371    71
58424  116.97  30.62    62    54
54027  119.40  43.98   486    67
50838  122.05  46.08   274    51
54135  122.27  43.60   178    53
53231  106.38  41.45  1510    44
58725  117.47  27.33   218    56
52203   93.52  42.82   737    73
51186   90.38  46.67  1218    70
56786  103.83  25.58  1898    48
56875  102.55  24.33  1716    55
56643   98.85  25.87   949    64
56886  103.77  24.53  1704    53
56951  100.08  23.88  1502    62
56966  101.98  23.60   400    65
54284  127.50  42.15   774    36
54377  126.22  41.15   225    56
57445  109.72  30.60   609    69
51463   87.65  43.78   935    82
58255  120.57  32.37     6    56
58259  120.98  32.08     4    53
58354  120.35  31.62     3    53
56969  101.58  21.47   633   100
52866  101.75  36.73  2295    38
57516  106.47  29.58   259    90
57669  111.22  28.38   128    59
53787  112.98  37.07  1041    38
57993  115.00  25.87   137    50
50950  125.25  45.70   148    46
54064  125.15  44.38   170    47
54171  126.52  43.70   229    38
54363  125.90  41.68   402    44
54826  117.10  36.25  1533    51
56792  104.97  25.78  1649    92
59096  114.48  24.37   214    56
52323   97.03  41.80  1770    61
53594  114.18  39.45   938    49
59306  115.85  23.45    80    46
57091  114.30  34.78    73    66
57285  113.42  32.38   153    66
57483  113.13  30.67    31    43
53959  111.05  35.05   365    24
57003  106.83  34.90   924    36
57025  107.38  34.52   781    35
57028  107.32  34.03  1543    36
52787  102.87  37.20  3045    34
57405  105.55  30.50   355    90
59242  109.23  23.75    84    72
51701   75.40  40.52  3504    55
51243   84.85  45.62   449    73
51431   81.33  43.95   662    81
51839   82.72  37.07  1409    46
58026  118.02  34.40    25    70
58027  117.15  34.28    41    72
53723  107.38  37.80  1349    20
53806  105.65  36.57  1854    20
54333  122.85  41.97    30    63
56178  102.35  31.00  2438    63
57306  105.97  31.58   382    95
57827  107.53  26.32   969    87
56106   93.78  31.88  4022    14
56109   93.78  31.48  3940    25
58507  115.12  29.25   116    49
59088  113.42  24.18    74    65
57562  111.37  29.58   116    48
52737   97.38  37.37  2981    18
51346   84.67  44.43   478    75
50739  123.18  47.33   190    66
54857  120.33  36.07    76   100
54423  117.92  40.97   422    74
58467  121.27  30.20     4    55
58752  120.65  27.78    39    59
58238  118.90  31.93    35    58
57265  111.73  32.43   132    63
53487  113.42  40.08  1052    34
51567   86.57  42.08  1055    87
51288   90.53  45.37  1653    69
58933  118.98  26.92   869    68
58927  117.02  25.05   376    57
56227   95.77  29.87  2736    55
58038  118.78  34.08    10    68
58314  116.32  31.40    86    47
58336  118.57  31.70    80    48
58414  116.32  30.43   105    49
54455  120.65  40.62    20    67
54753  120.33  37.63     4    74
53740  109.23  37.93  1111    34
57030  108.15  34.70   994    33
57606  106.83  28.13   972    93
57608  105.43  28.17   377    74
59673  112.77  21.73    21    67
58557  120.08  29.33    90    52
58633  118.90  29.00    82    45
58667  121.27  28.08    95    58
50564  127.35  49.43   234    62
58319  116.95  31.07    85    58
58419  117.02  30.10    17    52
52495  104.80  40.17  1323    31
58744  119.42  27.45   815    67
56954   99.93  22.57  1054    76
56751  100.18  25.70  1990    46
50948  124.02  45.00   146    39
54260  125.08  42.92   252    50
51628   80.23  41.17  1103    84
58122  116.98  33.63    25    72
58436  118.98  30.62    87    42
52908   93.08  35.22  4612    23
58252  119.47  32.18    27    54
59117  116.07  24.28   116    48
53882  113.07  36.05   991    44
52713   95.35  37.85  3173    23
53480  113.07  41.03  1419    25
54195  129.78  43.30   244    64
50758  125.90  47.18   246    54
56033   98.22  34.92  4272    47
57749  110.00  27.57   257    59
52436   97.03  40.27  1526    38
53963  111.37  35.65   433    27
54523  117.02  39.38     4    80
50844  123.45  46.40   138    68
56018   95.28  32.88  4066    19
56043  100.23  34.48  3719    31
56151  100.75  32.93  3530    19
57741  109.18  27.72   282    83
58437  118.15  30.13  1840    39
56964  100.97  22.78  1302    76
54823  117.00  36.60   170    58
56144   98.58  31.80  3184    36
57776  112.70  27.30  1265    57
57872  112.60  26.90   104    40
52267  101.07  41.95   940    36
56034   97.13  33.80  4415    26
54273  126.75  42.98   263    61
50877  129.58  46.30   100    49
50862  127.98  46.98   206    52
54744  118.55  37.58     8    73
57916  106.77  25.43   440    72
57583  113.97  29.92    61    47
57381  113.33  31.62   116    53
53915  106.67  35.55  1346    68
54623  117.72  39.05     4    84
56065  101.60  34.73  3500    39
59845  109.58  19.52   169    67
57290  114.02  33.00    82    77
52974  102.02  35.52  2491    25
56223   95.83  30.75  3640    33
55493   91.10  30.48  4200    27
52533   98.48  39.77  1477    39
58519  116.68  29.00    40    48
57378  112.57  31.17    65    56
55248   84.42  32.15  4414    16
52833   98.48  36.93  2950    31
52754  100.13  37.33  3301    45
52797  104.05  37.18  1630    26
52986  103.87  35.37  1893    61
50632  121.92  48.77   739    79
51765   87.70  40.63   846    72
51334   82.90  44.60   318    75
51477   88.32  43.35  1103    71
51526   88.22  42.23   922    73
51068   87.47  47.12   500    70
59097  114.20  24.05   198    59
59317  116.30  23.03    14    52
58926  117.42  25.30   205    62
58138  118.52  32.98    40    60
53519  106.77  39.22  1092    17
53705  105.68  37.48  1183    22
54237  121.75  42.07   167    73
54346  123.78  41.32   185    60
54351  124.08  41.92   118    43
58944  119.78  25.52    32    73
56187  103.87  30.75   547    72
57313  106.77  31.87   417    97
56479  102.85  28.00  2132    67
57647  109.18  28.15   406    81
55294   91.10  32.35  4800    16
55472   88.63  30.95  4672     4
55279   90.02  31.38  4700    10
59102  115.65  24.95   303    46
59092  114.82  24.92   206    61
58527  117.20  29.30    61    44
59663  111.97  21.83    89    68
59289  113.73  22.97    56    47
59664  110.98  21.53    31    69
57193  114.52  33.78    52    77
59948  109.58  18.22   419    77
57853  110.63  26.73   341    59
57642  109.63  28.70   325    88
52645   99.58  38.42  3320    48
51804   75.23  37.77  3090    66
50349  124.40  51.67   501    76
54606  115.73  38.23    19    97
58665  121.42  28.62     4    58
58158  120.48  33.20     3    61
57279  112.75  32.15   125    57
58407  115.03  30.23    32    30
56182  103.60  32.67  2881    66
50353  126.63  51.73   173    61
51573   89.20  42.93    34    58
55655   85.97  28.18  3810     4
58520  117.72  29.85   142    28
54486  123.28  40.28    79    85
52378  102.37  41.37   960    29
57612  106.65  29.00   474    93
54916  116.85  35.57    51    76
53735  108.80  37.62  1336    25
53948  109.58  34.95   499    23
57131  108.97  34.43   410    40
56257  100.27  30.00  3948    15
59316  116.68  23.40     2    49
58472  122.45  30.73    79    53
50247  123.57  52.03   514    75
58118  116.52  33.27    26    72
58203  115.73  32.87    32    56
58311  116.50  31.73    74    53
53687  113.63  37.78   753    44
51542   84.15  43.03  2458    70
51232   82.57  45.18   336    71
51053   86.40  48.05   532    73
56444   98.92  28.48  3319    19
56763  101.87  25.73  1120    24
50936  122.83  45.63   155    64
54041  123.07  44.80   150    48
54263  126.05  42.97   336    61
54259  124.92  42.10   237    52
55681   90.40  28.97  4431    33
53664  111.13  38.47  1012    30
53663  111.82  38.92  1401    25
53352  110.43  41.70  1376    29
53195  113.63  43.85  1036    31
57793  114.38  27.80   131    46
57633  108.77  28.82   826    45
58837  118.15  26.17   137    78
56096  104.92  33.40  1079    55
52447   98.88  40.00  1270    52
53923  107.63  35.73  1421    48
58715  116.65  27.58    80    44
53276  112.90  42.40  1150    20
53898  114.40  36.05    62    46
56125   96.47  32.20  3643    23
53673  112.72  38.73   828    38
53490  114.05  40.43  1014    35
59324  117.03  23.43     7    48
54842  120.00  36.78    62    97
50425  120.18  50.25   581    75
50639  122.73  48.00   306    68
59209  105.83  23.42   794    82
50788  131.98  47.23    66    62
50774  128.83  47.70   264    71
51656   86.13  41.75   931    48
57965  111.60  25.53   192    58
58143  119.85  33.80     4    66
53817  106.27  36.00  1753    30
58734  118.12  27.33   196    69
56475  102.52  28.65  1659    67
57926  107.88  25.42   428    77
57614  106.22  28.33  1180    91
55690   91.95  27.98  4280    28
58705  115.42  27.33    85    51
57696  114.78  28.40    91    48
58506  115.98  29.58  1164    46
57598  114.58  29.03   146    57
58600  115.37  28.87    78    46
59501  115.37  22.80    16    39
57077  111.65  33.78   742    40
57766  111.45  27.18   311    49
59228  107.58  23.32   108    90
57523  107.73  29.85   290    79
51330   81.02  44.97  1357    70
54518  116.40  39.17     8    90
54705  115.38  37.37    27    89
58241  119.45  32.80     5    62
57573  112.90  29.83    30    63
57482  113.95  30.90    25    51
57494  114.05  30.60    23    45
57278  112.08  32.00   163    64
53738  108.17  36.92  1331    28
53754  110.22  37.50   929    40
57729  107.88  27.23   622    97
54094  129.60  44.57   241    63
51241   83.60  45.93  1077    72
52101   93.05  43.60  1677    60
51433   82.52  43.80  1105    84
58730  118.03  27.77   222    49
56202   93.28  30.67  4488    47
58358  120.43  31.07    16    66
54497  124.33  40.05    13    75
54579  122.58  39.27    35    85
54115  118.03  43.63   825    56
53149  110.13  42.53  1225    26
53725  107.58  37.58  1360    18
53942  109.42  35.77  1155    30
54308  116.63  41.20   735    54
56565  101.52  27.43  2545    18
56188  103.67  31.00   698    67
56357  100.30  29.05  3727    11
59485  113.40  22.50    33    55
59462  111.60  22.70    60    71
59116  116.70  24.33    81    51
58457  120.17  30.23    41    77
58477  122.10  30.03    35    52
50873  130.30  46.78    82    58
54134  121.28  43.60   241    69
53602  105.67  38.83  1561    26
53083  114.15  44.62  1181    69
54026  120.90  44.57   265    58
53975  112.40  35.48   659    35
58818  116.63  26.23   358    49
51469   87.18  43.45  1930    75
56548   99.28  27.17  2326    20
56991  104.33  23.62  1561    78
56533   98.67  27.75  1583    56
56985  103.38  23.38  1300    64
54157  124.33  43.17   165    53
57297  114.05  32.13   114    73
54324  120.43  41.55   174    76
54470  122.07  41.02     5    99
58251  120.28  32.85     3    61
56748   99.18  25.12  1652    59
57789  113.95  27.13   194    53
50973  130.60  45.75   234    61
57545  109.42  29.53   502    88
56172  102.23  31.90  2664    40
57889  113.95  26.08   835    35
57758  110.58  27.07   323    69
52424   95.78  40.53  1170    45
51777   88.17  39.03   887    57
56116   95.60  31.42  3873    34
56312   94.33  29.67  2991    47
52652  100.28  39.08  1461    37
59644  109.13  21.45    12    85
57874  112.40  26.42   116    54
57718  106.73  27.10  1038    99
57816  106.73  26.58  1223    91
55585   90.17  29.43  3809    16
50949  124.87  45.08   136    42
54181  127.33  43.70   295    64
54386  128.18  41.42   775    47
57574  112.40  29.37    36    55
57707  105.28  27.30  1510    54
56691  104.28  26.87  2237    54
57493  114.33  30.35    73    38
54429  117.95  40.20    54    75
52446   99.52  40.30  1177    49
59453  110.12  22.67   121    67
55299   92.07  31.48  4507    19
56074  102.08  34.00  3471    25
52681  103.08  38.63  1367    31
56374  101.97  30.05  2615    63
57503  105.12  29.62   349    88
59037  108.10  23.93   170    96
57866  111.62  26.23   172    58
53578  112.43  39.37  1114    30
59838  108.62  19.10     7    65
51810   77.63  38.92  1178    65
57256  110.78  32.65   286    49
56137   97.17  31.15  3315    27
54266  125.63  42.53   340    47
50945  124.27  45.50   137    39
54165  125.63  43.55   219    48
54186  128.20  43.37   524    46
54286  129.00  42.53   475    37
54374  126.88  41.80   379    58
50888  132.18  46.32    83    56
52889  103.88  36.05  1517    43
53821  107.30  36.57  1255    35
58843  120.02  26.88    56    50
59954  110.03  18.55    35    64
54012  117.60  44.58  1001    47
57051  111.20  34.80   409    41
56004   92.43  34.22  4533    23
59271  112.43  23.63    57    60
57752  110.60  27.92   204    42
57731  108.25  27.95   416    78
57355  110.37  31.03   334    65
58718  116.53  27.22   111    54
57046  110.08  34.48  2064    74
57238  107.90  32.53   693    61
53646  109.78  38.27  1157    28
59632  108.62  21.95     4    80
58847  119.28  26.08    84    53
59321  117.50  23.78    53    55
58130  117.95  33.93    23    61
58141  118.93  33.63    12    69
54452  119.82  40.80   365    71
56196  104.73  31.45   522    93
56152  100.33  32.28  3893    26
57922  107.55  25.83  1013    84
57803  106.02  27.03  1231    91
56317   94.22  29.22  2950    63
55680   89.60  28.92  4040    32
58606  115.92  28.60    46    48
59107  115.28  24.12   179    58
59082  113.60  24.67   121    46
53564  111.15  39.38   861    53
59855  110.47  19.23    24    72
59985  111.62  16.53     4    72
59254  110.08  23.40    42    63
51633   81.90  41.78  1229    83
51811   77.27  38.43  1231    65
51358   85.82  44.28   468    81
51705   75.25  39.72  2175    21
51437   81.13  43.15  1851    80
57251  110.42  33.00   249    54
57439  108.93  30.28  1074    62
54471  122.17  40.65     3    78
56079  102.97  33.58  3441    30
57912  106.63  26.13   990    69
50468  127.45  50.25   166    71
54725  117.53  37.50    11    88
51931   81.65  36.85  1422    42
59134  118.07  24.48   139    53
58102  115.77  33.87    37    72
54454  120.30  40.33    29    67
54584  122.95  39.72    34    59
54776  122.70  37.40    47    75
53336  108.52  41.57  1288    34
53651  110.47  38.82  1098    40
57106  106.15  33.32   794    76
55589   90.98  29.30  3555    33
52818   94.92  36.42  2807    28
56462  101.50  29.00  2925    25
56459  101.27  27.93  2426    15
56671  102.25  26.65  1787    35
56167  101.12  30.98  2957    30
58338  118.58  31.15    17    61
54102  116.12  43.95  1003    36
58754  120.20  27.33    36    45
58918  116.42  25.05   198    62
51704   76.17  39.72  1298    69
51156   85.72  46.78  1291    70
56664  101.27  26.63  1230    42
56739   98.50  25.02  1654    81
54161  125.22  43.90   236    42
57071  112.43  34.82   333    46
54349  124.13  41.30   258    47
56046   99.65  33.75  3967    43
52955  100.73  35.58  3120    28
53068  111.93  43.63   963    29
52633   98.42  38.82  3367    27
57259  110.77  32.03   426    48
57857  110.32  26.37   477    53
57845  109.78  26.17   397    63
58326  117.83  31.58    30    48
52674  101.97  38.23  1976    26
53868  111.50  36.07   449    26
50246  124.72  52.35   361    61
57432  108.40  30.77   186    97
57517  106.25  29.28   261    83
57052  110.45  34.88   354    36
58208  115.62  32.17    42    53
57806  105.90  26.25  1431    81
57805  105.77  26.68  1319    88
54096  131.17  44.38   567    56
54049  123.97  44.25   188    42
58034  118.32  34.60    36    76
57581  113.45  29.82    27    65
57206  105.85  32.43   513    83
56247   99.10  30.00  2589    20
50834  121.22  46.60   499    63
57512  106.28  29.97   230    92
55437   81.25  30.28  3900    18
53853  110.95  36.70  1052    27
54764  121.23  37.48    53    89
53854  110.07  36.58   804    35
57049  109.73  34.52   341    46
57232  108.27  33.05   484    50
50527  119.70  49.25   649    77
50745  123.92  47.38   147    67
51133   83.00  46.73   534    75
53615  106.70  38.80  1101    31
53704  105.18  37.53  1225    23
53810  105.90  36.97  1339    21
54493  124.78  40.72   260    52
54326  119.70  41.38   422    59
58737  118.32  27.05   154    75
58921  117.35  25.97   206    63
57328  107.50  31.20   344    87
55664   87.08  28.63  4300    14
55696   92.47  28.42  3860    53
58626  117.25  28.32    60    43
58813  116.33  26.85   143    52
59293  114.73  23.80    70    55
59304  115.18  23.63   176    49
57083  113.65  34.72   110    66
59981  112.33  16.83     4    69
59849  109.83  19.03   250    64
57671  112.37  28.85    37    68
57974  112.37  25.58   214    46
57554  110.17  29.40   322    41
59065  111.50  24.42   148    59
59446  109.30  22.42    66    72
51711   78.45  40.93  1985    88
51379   89.57  44.02   793    84
54945  119.53  35.43    36    77
54406  115.97  40.45   487    76
53399  114.70  41.15  1393    44
53593  114.57  39.83   909    37
53698  114.35  38.07   103    63
54436  118.95  40.42   254    71
58448  119.70  30.22   117    81
54660  121.23  38.82    66    78
54662  121.63  38.90    91    81
57359  110.73  31.35   336    56
58622  117.58  28.95    88    40
50983  132.97  45.77   100    52
52895  104.68  36.57  1398    40
54863  121.18  36.78    40    78
51087   89.52  46.98   807    71
52112   95.13  43.77   479    37
58345  119.48  31.43     5    50
57089  113.93  34.07    67    71
54472  122.72  40.88    25    77
53955  110.45  35.47   458    24
57124  106.93  33.63  1032    89
57134  107.98  33.52   827    86
57211  106.25  32.83   836    91
57932  108.53  25.97   285    80
57712  106.95  27.73   983    97
57825  107.98  26.60   720    82
54311  117.77  41.97   892    67
59072  112.37  24.80   131    67
57996  114.25  25.08   149    48
58225  117.67  32.53    69    57
50548  123.72  49.20   286    74
56543   99.70  27.83  3276    21
56946   99.40  23.55  1104    87
54292  129.50  42.87   257    54
57156  111.50  33.30   250    35
53986  113.88  35.32    73    42
57178  112.58  33.03   129    57
58111  116.45  33.97    32    67
54563  122.02  39.63   118    71
54405  115.50  40.42   570    72
57902  105.18  25.43  1378    76
58343  119.98  31.88     4    57
53772  112.58  37.62   776    36
53764  111.10  37.50   950    31
57840  109.20  26.90   401    72
52943   99.98  35.58  3323    20
56571  102.27  27.90  1590    18
57536  108.78  29.53   607    43
50656  126.50  48.27   277    70
58015  116.33  34.45    44    77
53877  112.25  36.17   860    34
59631  108.35  21.78    32    89
57947  109.40  25.22   121    92
59046  109.40  24.35    96    66
54218  118.83  42.30   668    48
53543  109.98  39.83  1461    27
57067  111.03  34.05   568    56
52765  101.62  37.38  2850    46
52657  100.25  38.18  2787    26
52707   93.68  36.80  2767    17
57841  109.67  26.57   320    67
56146  100.00  31.62  3393    26
57595  114.50  29.60    76    34
55773   89.08  27.73  4300    21
55228   80.08  32.50  4278    24
57034  108.22  34.25   447    42
59265  111.30  23.48   114    60
50854  125.32  46.38   149    48
51495   91.73  43.22   721    29
51238   82.07  44.90   531    72
51716   78.57  39.80  1116    63
59294  113.83  23.33    30    60
59087  113.52  23.88    97    51
53614  106.20  38.47  1110    33
53910  106.20  35.67  2841    91
54334  121.25  41.52    74    80
54525  117.28  39.73     5    77
58806  116.02  26.48   209    46
57896  114.50  26.33   126    50
58637  117.98  28.45   118    45
57799  114.92  27.05    71    52
59758  110.25  20.00    63    71
52118   94.70  43.27  1728    56
51365   87.53  44.20   440    70
52679  102.67  37.92  1531    29
54715  116.57  37.32    18   100
54226  120.70  42.33   400    62
53798  114.50  37.07    77    51
54401  114.92  40.77   772    56
54539  118.88  39.43    10    71
58646  119.92  28.45    59    57
53845  109.45  36.58  1180    34
51581   90.23  42.85   398    70
51709   75.98  39.47  1289    78
51467   86.33  42.77  1732    42
51059   85.87  47.43   984    67
59126  117.65  24.50    28    42
58820  117.17  26.90   342    55
59113  116.72  24.73   226    42
58911  116.37  25.85   310    53
58135  118.22  33.48    16    64
54909  115.52  35.08    51    80
57143  109.97  33.87   742    20
57245  109.03  32.72   290    34
57910  106.08  25.77  1197    84
52602   93.33  38.75  2770    23
56492  104.60  28.80   340    93
56287  103.00  29.98   627    77
59658  110.30  21.15    53    74
59488  113.57  22.28    51    65
58464  121.08  30.62     5    75
58760  121.15  27.83    68    62
50618  118.27  48.22   642    62
53513  107.37  40.73  1041    48
51655   86.27  41.35   884    79
51076   88.08  47.73   735    71
56684  103.28  26.42  2110    33
56977  101.85  22.58  1120    75
56986  103.68  22.98  1414    94
56838   97.85  24.00   762    86
54285  128.12  42.42   721    44
54236  122.55  42.38    79    46
54339  123.00  41.08    77    67
56959  100.78  22.00   582    89
57906  106.08  25.18   566    77
59647  109.10  21.03    55    83
59431  108.22  22.63   121    85
50557  125.23  49.17   242    68
57682  113.57  28.72   106    42
57761  111.30  27.75   211    54
56342   98.60  29.68  3870    17
53529  107.97  39.08  1381    29
59007  105.07  24.07  1249    64
53968  111.67  35.28   505    45
57957  110.30  25.32   164    60
53588  113.52  38.95  2208    31
56586  103.72  27.35  1949    68
54063  126.00  44.97   196    46
54142  123.53  43.50   114    38
50953  126.57  45.93   118    36
50968  127.97  45.22   189    61
57710  106.40  27.80   890    97
56793  104.47  25.72  1800    40
57461  111.30  30.70   133    54
52418   94.68  40.15  1139    46
57411  106.10  30.78   309    97
59626  107.97  21.53    21    96
50727  119.93  47.17   997    69
54476  122.15  40.17    20    71
52836   98.10  36.30  3189    21
52996  105.02  35.38  2450    86
57779  113.35  27.00   102    39
57458  110.67  30.20   619    56
56307   92.58  29.15  3260    36
57048  108.72  34.40   472    43
57037  108.98  34.93   710    30
52983  104.15  35.87  1874    39
56038   98.10  32.98  4200    20
53362  111.68  41.53  1490    25
51639   82.78  41.23   980    79
51470   88.12  43.88  1942    77
51060   86.87  47.70   473    71
51642   84.27  41.82   982    60
59493  114.00  22.53    63    45
58047  119.23  34.25     4    69
53903  105.72  35.97  1916    75
54342  123.52  41.73    49    74
54337  121.12  41.13    65    74
56693  104.87  26.58  1815    73
57722  107.47  27.77   792    88
55572   89.10  29.68  4000    13
59456  110.93  22.35   141    64
59478  112.78  22.25    32    65
57662  111.68  29.12   150    50
52868  101.43  36.03  2237    31
52856  100.62  36.27  2835    39
52313   94.67  41.53  1573    48
51818   78.28  37.62  1375    47
58362  121.45  31.40     5    55
54727  117.55  36.68   121    62
54534  118.10  39.65    23    76
54618  116.55  38.08    13    80
58652  120.72  28.87    83    59
57447  109.47  30.28   457    93
57476  112.15  30.35    31    48
56386  103.75  29.57   424    97
51828   79.93  37.13  1375    38
51720   79.05  40.50  1161    84
58936  118.70  25.37    77    50
58931  118.10  25.72  1653    52
58150  120.25  33.77     2    63
58356  121.00  31.40     3    56
54416  116.87  40.38    71    73
59058  110.52  24.20   145    70
54353  125.05  41.73   328    44
54365  125.35  41.28   245    63
52576  101.68  39.22  1510    33
54213  119.02  42.93   634    48
54774  122.13  37.47    65    62
57144  109.15  33.43   693    46
54527  117.05  39.08     3    80
54528  117.13  39.23     3    87
56385  103.33  29.52  3047    70
59287  113.48  23.22    70    55
58543  119.02  29.62   171    50
58549  119.65  29.12    62    45
58553  120.82  30.05     6    56
58556  120.82  29.60   104    60
50853  126.97  46.62   179    56
50756  126.97  47.45   239    68
50603  116.82  48.67   554    77
53391  114.00  41.90  1482    40
50434  121.68  50.48   732    76
57014  105.87  34.57  1085    30
56768  101.55  25.03  1824    36
56856  100.87  24.47  1162    63
56651  100.22  26.85  2380    18
54276  126.80  42.40   570    61
58265  121.60  32.07     3    61
53859  110.67  36.10   851    29
57839  109.15  26.23   568    73
52876  102.83  36.33  1813    34
50963  128.73  45.97   108    72
58500  115.20  29.85    45    50
57679  112.78  28.12   115    44
57907  104.90  25.08  1299    76
57625  107.45  28.55   679    73
52661  101.08  38.80  1765    27
56228   96.92  30.05  3260    26
54808  115.63  36.23    37    73
56093  104.02  34.43  2315    52
57604  105.38  28.78   368    90
53884  113.03  36.52   877    39
58215  116.78  32.43    25    63
56778  102.65  25.00  1888    50
55578   88.88  29.25  3836    15
57972  113.03  25.80   184    33
57395  114.12  31.57    74    71
52546   99.83  39.37  1332    43
56080  102.90  35.00  2910    36
52884  103.95  36.35  1668    27
56251  100.32  30.93  3000    32
