diamond 3 2014年01月05日015时地面相对湿度rh(%)
14 01 05 015 1000 3 30 60 80 1 0 0 1  837
59567  121.55  22.03   325    62
59997  114.37  10.38     5    76
58846  119.52  26.67    32    69
59417  106.85  22.33   128    86
57520  107.07  29.83   377    93
57502  105.70  29.70   394    95
58608  115.55  28.07    30    53
54254  124.05  42.53    98    72
54335  122.08  41.68    37    80
56029   96.97  33.00  3716    13
50978  130.92  45.30   272    65
56021   95.80  34.12  4175    19
56128   96.60  31.22  3810    32
58402  115.67  30.73   123    61
57358  110.97  30.83   295    46
56173  102.55  32.80  3491    30
57655  110.40  28.47   151    34
57649  109.68  28.23   254    82
57745  109.68  27.45   272    74
53775  112.53  37.43   781    32
53863  111.92  37.03   743    52
54843  119.20  36.75    22    95
50442  124.12  50.40   371    70
52203   93.52  42.82   737    71
51186   90.38  46.67  1218    74
52825   96.43  36.43  2790    24
50838  122.05  46.08   274    68
54135  122.27  43.60   178    83
58731  118.53  27.92   276    78
58834  118.17  26.63   152    76
58725  117.47  27.33   218    85
58040  119.13  34.85     5    93
58255  120.57  32.37     6    82
58259  120.98  32.08     4    81
58354  120.35  31.62     3    76
53929  107.80  35.20  1206    27
53612  106.18  37.98  1128    34
59298  114.37  23.07   108    78
57237  108.03  32.07   674    88
59021  107.03  24.55   509    59
59218  106.42  23.13   739    63
59023  108.03  24.70   260    52
50136  122.52  52.97   433    76
53231  106.38  41.45  1510    26
57426  107.80  30.68   454    92
51730   81.27  40.55  1012    68
51367   86.82  44.13   522    85
51644   82.97  41.72  1081    74
51855   85.55  38.15  1247    50
56786  103.83  25.58  1898    58
56875  102.55  24.33  1716    83
54511  116.47  39.80    31    78
57832  108.67  26.97   626    56
59133  118.92  24.90    21    76
54243  124.12  42.78   165    58
53478  112.45  40.00  1345    55
50514  117.32  49.58   661    74
50915  116.97  45.52   838    78
54208  116.47  42.18  1245    76
50658  125.88  48.05   236    73
54929  117.97  35.27   121    74
56485  103.58  28.27  1255    73
51463   87.65  43.78   935    87
59280  113.08  23.72    79    52
59303  115.75  23.92   135    78
59754  110.18  20.33    55    88
58221  117.30  32.85    26    74
54449  119.52  39.85     2    73
54602  115.48  38.73    16    56
54624  117.32  38.40     4    92
58562  121.55  29.78     5    91
58569  121.95  29.20   128    76
56643   98.85  25.87   949    56
56886  103.77  24.53  1704    76
56951  100.08  23.88  1502    67
56966  101.98  23.60   400    62
58005  115.67  34.45    50    92
56969  101.58  21.47   633   100
57894  114.17  26.58   843    56
57154  110.90  33.53   523    44
57127  107.03  33.07   509    57
57343  109.53  31.90   995    71
54027  119.40  43.98   486    76
51747   83.67  39.00  1099    51
52984  103.18  35.58  1917    41
58450  120.05  30.87     7    87
58666  121.90  28.45    86    81
58742  119.55  28.12   163    76
58531  118.28  29.72   142    78
54284  127.50  42.15   774    64
54377  126.22  41.15   225    78
51886   90.85  38.25  2944    17
57445  109.72  30.60   609    91
57348  109.53  31.02   299    90
57516  106.47  29.58   259    83
56067  101.48  33.43  3628    48
58321  117.30  31.78    27    62
58429  117.85  30.98    11    65
56331   97.83  29.67  3780    26
56434   97.47  28.65  2327    43
54751  120.73  37.93    39    84
54836  118.17  36.18   305    80
56666  101.72  26.58  1224    25
53463  111.57  40.85  1153    45
53502  105.75  39.78  1031    22
53192  114.95  44.02  1126    68
57181  113.05  33.88   136    54
57584  113.08  29.38    53    46
57673  112.88  28.68    53    65
57780  113.17  27.87    74    37
50742  124.48  47.80   162    74
57399  114.95  31.13    74    34
57687  112.92  28.22    68    24
57774  112.17  27.45   100    66
52866  101.75  36.73  2295    35
58236  118.25  32.35    33    89
58424  116.97  30.62    62    57
58634  118.25  28.68   116    58
59278  112.45  23.03    41    54
53446  109.88  40.53  1004    47
57483  113.13  30.67    31    40
50950  125.25  45.70   148    55
51839   82.72  37.07  1409    34
58557  120.08  29.33    90    54
58633  118.90  29.00    82    52
58667  121.27  28.08    95    78
58122  116.98  33.63    25    77
58319  116.95  31.07    85    56
58419  117.02  30.10    17    76
50948  124.02  45.00   146    57
54260  125.08  42.92   252    77
51628   80.23  41.17  1103    71
53594  114.18  39.45   938    45
53963  111.37  35.65   433    22
53882  113.07  36.05   991    32
57993  115.00  25.87   137    70
57562  111.37  29.58   116    52
54523  117.02  39.38     4    81
50758  125.90  47.18   246    67
57749  110.00  27.57   257    64
57669  111.22  28.38   128    67
58507  115.12  29.25   116    51
56792  104.97  25.78  1649    83
52908   93.08  35.22  4612    20
54455  120.65  40.62    20    73
56109   93.78  31.48  3940    14
52713   95.35  37.85  3173    28
52737   97.38  37.37  2981    21
52323   97.03  41.80  1770    66
56033   98.22  34.92  4272    39
56178  102.35  31.00  2438    47
59096  114.48  24.37   214    74
54195  129.78  43.30   244    74
52436   97.03  40.27  1526    40
53787  112.98  37.07  1041    33
53959  111.05  35.05   365    17
59306  115.85  23.45    80    81
54826  117.10  36.25  1533    15
54064  125.15  44.38   170    74
54171  126.52  43.70   229    78
54363  125.90  41.68   402    69
50739  123.18  47.33   190    74
57608  105.43  28.17   377    85
57405  105.55  30.50   355    78
58933  118.98  26.92   869    78
58927  117.02  25.05   376    74
58038  118.78  34.08    10    76
58026  118.02  34.40    25    85
58027  117.15  34.28    41    77
58238  118.90  31.93    35    62
58252  119.47  32.18    27    77
57028  107.32  34.03  1543    41
53723  107.38  37.80  1349    29
53806  105.65  36.57  1854    27
59242  109.23  23.75    84    57
50564  127.35  49.43   234    68
54857  120.33  36.07    76    81
56227   95.77  29.87  2736    57
51567   86.57  42.08  1055    84
51288   90.53  45.37  1653    55
51346   84.67  44.43   478    81
51431   81.33  43.95   662    87
51701   75.40  40.52  3504    51
51243   84.85  45.62   449    68
56954   99.93  22.57  1054    84
52787  102.87  37.20  3045    27
54333  122.85  41.97    30    73
56106   93.78  31.88  4022     9
53480  113.07  41.03  1419    37
52495  104.80  40.17  1323    34
54753  120.33  37.63     4    79
57306  105.97  31.58   382    95
57265  111.73  32.43   132    30
58744  119.42  27.45   815    89
58314  116.32  31.40    86    57
58336  118.57  31.70    80    52
58414  116.32  30.43   105    49
58436  118.98  30.62    87    68
54423  117.92  40.97   422    60
58467  121.27  30.20     4    86
58752  120.65  27.78    39    88
56751  100.18  25.70  1990    34
59117  116.07  24.28   116    74
59088  113.42  24.18    74    69
57827  107.53  26.32   969    61
53740  109.23  37.93  1111    33
57030  108.15  34.70   994    30
57003  106.83  34.90   924    41
57025  107.38  34.52   781    37
57091  114.30  34.78    73    58
57285  113.42  32.38   153    43
59673  112.77  21.73    21    85
53487  113.42  40.08  1052    56
59358  120.22  23.00    14    68
57606  106.83  28.13   972    69
59102  115.65  24.95   303    88
59092  114.82  24.92   206    79
54237  121.75  42.07   167    85
55294   91.10  32.35  4800     9
55279   90.02  31.38  4700    20
55248   84.42  32.15  4414     7
55681   90.40  28.97  4431    14
54744  118.55  37.58     8    88
53195  113.63  43.85  1036    39
52267  101.07  41.95   940    38
56151  100.75  32.93  3530    19
55493   91.10  30.48  4200    20
57583  113.97  29.92    61    39
57313  106.77  31.87   417    93
56964  100.97  22.78  1302    94
57793  114.38  27.80   131    41
58519  116.68  29.00    40    48
57381  113.33  31.62   116    55
50877  129.58  46.30   100    68
50844  123.45  46.40   138    72
53915  106.67  35.55  1346    27
52986  103.87  35.37  1893    64
57741  109.18  27.72   282    71
57916  106.77  25.43   440    73
54823  117.00  36.60   170    66
56043  100.23  34.48  3719    28
54623  117.72  39.05     4    79
54273  126.75  42.98   263    74
50247  123.57  52.03   514    78
50349  124.40  51.67   501    76
56065  101.60  34.73  3500    38
56257  100.27  30.00  3948    12
53687  113.63  37.78   753    42
58527  117.20  29.30    61    66
50632  121.92  48.77   739    81
58837  118.15  26.17   137    90
58138  118.52  32.98    40    73
58158  120.48  33.20     3    91
58407  115.03  30.23    32    32
57378  112.57  31.17    65    33
53519  106.77  39.22  1092    24
53705  105.68  37.48  1183    27
59097  114.20  24.05   198    82
59664  110.98  21.53    31    81
56479  102.85  28.00  2132    73
59317  116.30  23.03    14    71
55655   85.97  28.18  3810    46
51542   84.15  43.03  2458    69
51804   75.23  37.77  3090    44
51334   82.90  44.60   318    74
51053   86.40  48.05   532    74
51526   88.22  42.23   922    67
56444   98.92  28.48  3319    28
56763  101.87  25.73  1120    41
52797  104.05  37.18  1630    22
58944  119.78  25.52    32    65
54346  123.78  41.32   185    73
54351  124.08  41.92   118    71
54486  123.28  40.28    79    87
57647  109.18  28.15   406    82
52754  100.13  37.33  3301    32
52833   98.48  36.93  2950    27
56034   97.13  33.80  4415    40
55472   88.63  30.95  4672    14
52378  102.37  41.37   960    39
54916  116.85  35.57    51    92
51765   87.70  40.63   846    60
51232   82.57  45.18   336    68
51573   89.20  42.93    34    59
51477   88.32  43.35  1103    74
51068   87.47  47.12   500    62
59663  111.97  21.83    89    83
58203  115.73  32.87    32    73
58520  117.72  29.85   142    63
54606  115.73  38.23    19    66
58665  121.42  28.62     4    86
54259  124.92  42.10   237    79
57193  114.52  33.78    52    78
53735  108.80  37.62  1336    31
57131  108.97  34.43   410    45
53948  109.58  34.95   499    26
57290  114.02  33.00    82    65
59316  116.68  23.40     2    52
59289  113.73  22.97    56    63
57279  112.75  32.15   125    31
56182  103.60  32.67  2881    57
50353  126.63  51.73   173    71
57612  106.65  29.00   474    88
58472  122.45  30.73    79    68
58118  116.52  33.27    26    82
58311  116.50  31.73    74    52
50936  122.83  45.63   155    62
54041  123.07  44.80   150    64
54263  126.05  42.97   336    71
58926  117.42  25.30   205    77
52645   99.58  38.42  3320    61
57633  108.77  28.82   826    50
56223   95.83  30.75  3640    24
52533   98.48  39.77  1477    30
53664  111.13  38.47  1012    25
53663  111.82  38.92  1401    39
56187  103.87  30.75   547    88
56144   98.58  31.80  3184    27
59845  109.58  19.52   169    79
59948  109.58  18.22   419    93
57853  110.63  26.73   341    53
50862  127.98  46.98   206    75
57776  112.70  27.30  1265    31
57872  112.60  26.90   104    35
57642  109.63  28.70   325    84
52974  102.02  35.52  2491    20
56018   95.28  32.88  4066     9
58437  118.15  30.13  1840    16
53352  110.43  41.70  1376    31
57707  105.28  27.30  1510    65
57889  113.95  26.08   835    66
57758  110.58  27.07   323    59
53673  112.72  38.73   828    30
53490  114.05  40.43  1014    46
56125   96.47  32.20  3643    25
50949  124.87  45.08   136    66
54181  127.33  43.70   295    68
54386  128.18  41.42   775    69
50774  128.83  47.70   264    78
50788  131.98  47.23    66    70
50873  130.30  46.78    82    78
52101   93.05  43.60  1677    61
56357  100.30  29.05  3727    10
56188  103.67  31.00   698    68
50425  120.18  50.25   581    76
50639  122.73  48.00   306    76
53149  110.13  42.53  1225    31
58730  118.03  27.77   222    64
58734  118.12  27.33   196    87
56202   93.28  30.67  4488    44
58358  120.43  31.07    16    83
58143  119.85  33.80     4    91
58241  119.45  32.80     5    76
58251  120.28  32.85     3    80
57482  113.95  30.90    25    33
57278  112.08  32.00   163    35
53738  108.17  36.92  1331    33
53817  106.27  36.00  1753    25
59501  115.37  22.80    16    66
59209  105.83  23.42   794    68
59228  107.58  23.32   108    71
53083  114.15  44.62  1181    82
54026  120.90  44.57   265    68
54842  120.00  36.78    62    85
59485  113.40  22.50    33    77
51777   88.17  39.03   887    55
51330   81.02  44.97  1357    73
51433   82.52  43.80  1105    91
56548   99.28  27.17  2326    26
57614  106.22  28.33  1180    89
54497  124.33  40.05    13    91
54579  122.58  39.27    35    83
57297  114.05  32.13   114    42
57926  107.88  25.42   428    52
58600  115.37  28.87    78    54
54094  129.60  44.57   241    77
51469   87.18  43.45  1930    73
51656   86.13  41.75   931    54
59462  111.60  22.70    60    89
59116  116.70  24.33    81    94
57494  114.05  30.60    23    53
58818  116.63  26.23   358    78
54518  116.40  39.17     8    91
54705  115.38  37.37    27    49
56533   98.67  27.75  1583    49
56985  103.38  23.38  1300    77
56991  104.33  23.62  1561    86
54324  120.43  41.55   174    83
56748   99.18  25.12  1652    64
57729  107.88  27.23   622    51
53725  107.58  37.58  1360    18
53754  110.22  37.50   929    37
53942  109.42  35.77  1155    18
57077  111.65  33.78   742    30
53975  112.40  35.48   659    30
56475  102.52  28.65  1659    67
56565  101.52  27.43  2545    11
54134  121.28  43.60   241    83
53602  105.67  38.83  1561    14
51241   83.60  45.93  1077    79
58457  120.17  30.23    41    83
58477  122.10  30.03    35    88
54308  116.63  41.20   735    61
54157  124.33  43.17   165    78
54470  122.07  41.02     5    88
52652  100.28  39.08  1461    27
57545  109.42  29.53   502    88
57573  112.90  29.83    30    49
53898  114.40  36.05    62    57
57965  111.60  25.53   192    58
57874  112.40  26.42   116    61
56172  102.23  31.90  2664    40
50973  130.60  45.75   234    63
57766  111.45  27.18   311    38
56116   95.60  31.42  3873    47
57789  113.95  27.13   194    54
58715  116.65  27.58    80    70
58705  115.42  27.33    85    69
57696  114.78  28.40    91    59
59324  117.03  23.43     7    49
57718  106.73  27.10  1038    71
57816  106.73  26.58  1223    68
52447   98.88  40.00  1270    39
53923  107.63  35.73  1421    21
59644  109.13  21.45    12    81
58506  115.98  29.58  1164    28
57598  114.58  29.03   146    65
55690   91.95  27.98  4280    53
56691  104.28  26.87  2237    74
53276  112.90  42.40  1150    28
54115  118.03  43.63   825    76
56312   94.33  29.67  2991    47
55585   90.17  29.43  3809    17
57493  114.33  30.35    73    42
57574  112.40  29.37    36    36
57523  107.73  29.85   290    82
52424   95.78  40.53  1170    50
56096  104.92  33.40  1079    39
58974  122.07  25.63   102    55
58968  121.52  25.03     9    57
54454  120.30  40.33    29    70
56317   94.22  29.22  2950    66
52955  100.73  35.58  3120    35
56046   99.65  33.75  3967    33
57922  107.55  25.83  1013    66
51633   81.90  41.78  1229    78
54012  117.60  44.58  1001    71
53068  111.93  43.63   963    58
57845  109.78  26.17   397    64
57256  110.78  32.65   286    30
56137   97.17  31.15  3315    22
55299   92.07  31.48  4507    13
52674  101.97  38.23  1976    21
56074  102.08  34.00  3471    27
52889  103.88  36.05  1517    41
52446   99.52  40.30  1177    37
56671  102.25  26.65  1787    46
57731  108.25  27.95   416    52
57752  110.60  27.92   204    61
57857  110.32  26.37   477    48
59271  112.43  23.63    57    73
58843  120.02  26.88    56    58
50945  124.27  45.50   137    60
54165  125.63  43.55   219    76
54186  128.20  43.37   524    69
54286  129.00  42.53   475    57
54374  126.88  41.80   379    74
59254  110.08  23.40    42    74
51156   85.72  46.78  1291    80
51437   81.13  43.15  1851    85
51705   75.25  39.72  2175    23
56167  101.12  30.98  2957    48
53336  108.52  41.57  1288    49
58754  120.20  27.33    36    64
59134  118.07  24.48   139    48
58847  119.28  26.08    84    56
59321  117.50  23.78    53    61
58130  117.95  33.93    23    77
58141  118.93  33.63    12    76
54725  117.53  37.50    11    94
59855  110.47  19.23    24    88
59985  111.62  16.53     4    73
57071  112.43  34.82   333    53
53646  109.78  38.27  1157    21
56459  101.27  27.93  2426     6
56152  100.33  32.28  3893    34
57439  108.93  30.28  1074    86
54776  122.70  37.40    47    84
51811   77.27  38.43  1231    51
51358   85.82  44.28   468    85
51931   81.65  36.85  1422    32
58918  116.42  25.05   198    82
54452  119.82  40.80   365    77
54584  122.95  39.72    34    84
53564  111.15  39.38   861    59
57912  106.63  26.13   990    65
52818   94.92  36.42  2807    23
54102  116.12  43.95  1003    69
59082  113.60  24.67   121    76
57355  110.37  31.03   334    41
58102  115.77  33.87    37    85
54429  117.95  40.20    54    71
59632  108.62  21.95     4    79
56664  101.27  26.63  1230    62
56739   98.50  25.02  1654    81
54471  122.17  40.65     3    69
54349  124.13  41.30   258    87
55680   89.60  28.92  4040    16
55589   90.98  29.30  3555    23
57803  106.02  27.03  1231    69
58606  115.92  28.60    46    47
58718  116.53  27.22   111    69
53651  110.47  38.82  1098    35
57106  106.15  33.32   794    48
57046  110.08  34.48  2064    68
57238  107.90  32.53   693    62
59107  115.28  24.12   179    63
56462  101.50  29.00  2925    36
56079  102.97  33.58  3441    34
51704   76.17  39.72  1298    55
58338  118.58  31.15    17    59
54161  125.22  43.90   236    73
59037  108.10  23.93   170    58
59453  110.12  22.67   121    72
52681  103.08  38.63  1367    25
53821  107.30  36.57  1255    37
56374  101.97  30.05  2615    75
57503  105.12  29.62   349    93
59954  110.03  18.55    35    86
51810   77.63  38.92  1178    44
57051  111.20  34.80   409    26
54266  125.63  42.53   340    72
56196  104.73  31.45   522    69
50888  132.18  46.32    83    85
50468  127.45  50.25   166    78
57259  110.77  32.03   426    31
57251  110.42  33.00   249    55
57866  111.62  26.23   172    41
56004   92.43  34.22  4533    17
52633   98.42  38.82  3367    24
58326  117.83  31.58    30    55
53578  112.43  39.37  1114    56
59838  108.62  19.10     7    89
58626  117.25  28.32    60    39
54493  124.78  40.72   260    84
55696   92.47  28.42  3860    31
52943   99.98  35.58  3323    31
57902  105.18  25.43  1378    86
57840  109.20  26.90   401    66
50656  126.50  48.27   277    73
57206  105.85  32.43   513    79
56247   99.10  30.00  2589    10
54096  131.17  44.38   567    58
50246  124.72  52.35   361    71
55437   81.25  30.28  3900    33
57432  108.40  30.77   186    95
52895  104.68  36.57  1398    46
57805  105.77  26.68  1319    77
51379   89.57  44.02   793    82
50548  123.72  49.20   286    75
57825  107.98  26.60   720    57
58345  119.48  31.43     5    89
58343  119.98  31.88     4    74
54863  121.18  36.78    40    85
54945  119.53  35.43    36    91
59849  109.83  19.03   250    82
53615  106.70  38.80  1101    32
53704  105.18  37.53  1225    23
53810  105.90  36.97  1339    27
59072  112.37  24.80   131    81
56571  102.27  27.90  1590    17
59065  111.50  24.42   148    55
50745  123.92  47.38   147    62
52112   95.13  43.77   479    43
51711   78.45  40.93  1985    53
51133   83.00  46.73   534    73
56543   99.70  27.83  3276    22
56946   99.40  23.55  1104    78
54406  115.97  40.45   487    40
58921  117.35  25.97   206    77
54326  119.70  41.38   422    76
54472  122.72  40.88    25    90
54660  121.23  38.82    66    89
54662  121.63  38.90    91    87
53986  113.88  35.32    73    53
58111  116.45  33.97    32    87
53399  114.70  41.15  1393    64
59981  112.33  16.83     4    77
55664   87.08  28.63  4300     9
58813  116.33  26.85   143    78
57328  107.50  31.20   344    92
51087   89.52  46.98   807    72
57996  114.25  25.08   149    72
59304  115.18  23.63   176    87
58225  117.67  32.53    69    83
53593  114.57  39.83   909    43
53698  114.35  38.07   103    60
54405  115.50  40.42   570    40
54436  118.95  40.42   254    63
58448  119.70  30.22   117    74
54563  122.02  39.63   118    87
57083  113.65  34.72   110    52
57932  108.53  25.97   285    75
57712  106.95  27.73   983    57
58622  117.58  28.95    88    74
53955  110.45  35.47   458    23
57124  106.93  33.63  1032    51
57134  107.98  33.52   827    45
57211  106.25  32.83   836    58
53854  110.07  36.58   804    40
57049  109.73  34.52   341    58
57232  108.27  33.05   484    47
57156  111.50  33.30   250    33
57178  112.58  33.03   129    40
57089  113.93  34.07    67    80
59293  114.73  23.80    70    72
57359  110.73  31.35   336    32
50983  132.97  45.77   100    73
54311  117.77  41.97   892    69
59446  109.30  22.42    66    73
54292  129.50  42.87   257    70
50527  119.70  49.25   649    77
57536  108.78  29.53   607    59
53772  112.58  37.62   776    33
53764  111.10  37.50   950    33
54764  121.23  37.48    53    97
58034  118.32  34.60    36    84
58208  115.62  32.17    42    45
58737  118.32  27.05   154    86
57974  112.37  25.58   214    56
57671  112.37  28.85    37    47
57554  110.17  29.40   322    44
54049  123.97  44.25   188    58
57581  113.45  29.82    27    43
53853  110.95  36.70  1052    25
53868  111.50  36.07   449    38
53877  112.25  36.17   860    37
57052  110.45  34.88   354    34
50834  121.22  46.60   499    82
57806  105.90  26.25  1431    78
57512  106.28  29.97   230    92
57517  106.25  29.28   261    84
57896  114.50  26.33   126    60
54334  121.25  41.52    74    86
57906  106.08  25.18   566    84
50557  125.23  49.17   242    75
52765  101.62  37.38  2850    43
56586  103.72  27.35  1949    70
59007  105.07  24.07  1249    79
57461  111.30  30.70   133    46
50968  127.97  45.22   189    83
50953  126.57  45.93   118    74
59626  107.97  21.53    21    73
59631  108.35  21.78    32    79
57957  110.30  25.32   164    49
57947  109.40  25.22   121    69
56146  100.00  31.62  3393    20
57710  106.40  27.80   890    82
56793  104.47  25.72  1800    50
57841  109.67  26.57   320    69
57761  111.30  27.75   211    50
54218  118.83  42.30   668    79
54063  126.00  44.97   196    69
54525  117.28  39.73     5    86
59431  108.22  22.63   121    73
51709   75.98  39.47  1289    57
56287  103.00  29.98   627    78
50618  118.27  48.22   642    70
53513  107.37  40.73  1041    45
54226  120.70  42.33   400    70
58911  116.37  25.85   310    76
58135  118.22  33.48    16    78
54715  116.57  37.32    18    78
59758  110.25  20.00    63    88
53614  106.20  38.47  1110    37
53910  106.20  35.67  2841    84
59087  113.52  23.88    97    84
56492  104.60  28.80   340    82
59265  111.30  23.48   114    69
51495   91.73  43.22   721    34
51467   86.33  42.77  1732    39
52118   94.70  43.27  1728    76
51655   86.27  41.35   884    74
51365   87.53  44.20   440    68
51238   82.07  44.90   531    80
51076   88.08  47.73   735    72
56684  103.28  26.42  2110    41
56977  101.85  22.58  1120    96
56986  103.68  22.98  1414    96
52679  102.67  37.92  1531    21
59126  117.65  24.50    28    54
58820  117.17  26.90   342    84
59113  116.72  24.73   226    74
55773   89.08  27.73  4300    51
55228   80.08  32.50  4278    43
50854  125.32  46.38   149    77
51059   85.87  47.43   984    68
59488  113.57  22.28    51    73
57595  114.50  29.60    76    27
53798  114.50  37.07    77    64
54401  114.92  40.77   772    45
54539  118.88  39.43    10    79
58646  119.92  28.45    59    64
56838   97.85  24.00   762    85
56959  100.78  22.00   582    85
54236  122.55  42.38    79    78
54339  123.00  41.08    77    65
53845  109.45  36.58  1180    27
57034  108.22  34.25   447    47
57245  109.03  32.72   290    38
59658  110.30  21.15    53    84
59294  113.83  23.33    30    93
51581   90.23  42.85   398    75
51716   78.57  39.80  1116    61
58464  121.08  30.62     5    91
58760  121.15  27.83    68    81
54142  123.53  43.50   114    64
54285  128.12  42.42   721    83
52707   93.68  36.80  2767    29
59046  109.40  24.35    96    65
54909  115.52  35.08    51    94
57411  106.10  30.78   309    92
57910  106.08  25.77  1197    74
57067  111.03  34.05   568    37
57682  113.57  28.72   106    37
52657  100.25  38.18  2787    30
52602   93.33  38.75  2770    23
56342   98.60  29.68  3870    21
53968  111.67  35.28   505    43
53588  113.52  38.95  2208    41
58637  117.98  28.45   118    41
58806  116.02  26.48   209    65
57799  114.92  27.05    71    54
53529  107.97  39.08  1381    39
53543  109.98  39.83  1461    26
52418   94.68  40.15  1139    56
59211  106.60  23.90   174    70
59647  109.10  21.03    55    89
57143  109.97  33.87   742    39
59562  121.15  22.75    10    58
59792  116.72  20.67     6    81
54808  115.63  36.23    37    67
53884  113.03  36.52   877    38
52884  103.95  36.35  1668    35
57625  107.45  28.55   679    54
52836   98.10  36.30  3189    32
54527  117.05  39.08     3    88
50853  126.97  46.62   179    78
50756  126.97  47.45   239    78
51639   82.78  41.23   980    62
51818   78.28  37.62  1375    32
57014  105.87  34.57  1085    48
56038   98.10  32.98  4200    18
50434  121.68  50.48   732    80
54213  119.02  42.93   634    80
58936  118.70  25.37    77    80
58931  118.10  25.72  1653    27
58150  120.25  33.77     2    93
58356  121.00  31.40     3    64
58047  119.23  34.25     4    85
58265  121.60  32.07     3    86
54727  117.55  36.68   121    77
57458  110.67  30.20   619    44
57037  108.98  34.93   710    34
53903  105.72  35.97  1916    37
59456  110.93  22.35   141    70
56385  103.33  29.52  3047    96
57447  109.47  30.28   457    91
57476  112.15  30.35    31    43
59058  110.52  24.20   145    78
50603  116.82  48.67   554    76
53362  111.68  41.53  1490    32
59478  112.78  22.25    32    78
56307   92.58  29.15  3260    25
51828   79.93  37.13  1375    32
52313   94.67  41.53  1573    54
51642   84.27  41.82   982    73
51470   88.12  43.88  1942    78
56768  101.55  25.03  1824    52
56856  100.87  24.47  1162    79
54528  117.13  39.23     3    82
54416  116.87  40.38    71    84
54353  125.05  41.73   328    76
54365  125.35  41.28   245    81
54337  121.12  41.13    65    76
57722  107.47  27.77   792    52
52868  101.43  36.03  2237    24
53391  114.00  41.90  1482    59
51060   86.87  47.70   473    70
59287  113.48  23.22    70    89
54534  118.10  39.65    23    82
54618  116.55  38.08    13    90
58652  120.72  28.87    83    62
56651  100.22  26.85  2380    11
57144  109.15  33.43   693    46
57048  108.72  34.40   472    49
59493  114.00  22.53    63    72
56386  103.75  29.57   424    81
52576  101.68  39.22  1510    29
51720   79.05  40.50  1161    64
52983  104.15  35.87  1874    41
58543  119.02  29.62   171    61
58549  119.65  29.12    62    53
55572   89.10  29.68  4000     5
56693  104.87  26.58  1815    90
54774  122.13  37.47    65    87
58553  120.82  30.05     6    93
58556  120.82  29.60   104    70
54276  126.80  42.40   570    76
52856  100.62  36.27  2835    50
58215  116.78  32.43    25    78
53859  110.67  36.10   851    29
57604  105.38  28.78   368    90
57662  111.68  29.12   150    43
57839  109.15  26.23   568    51
58362  121.45  31.40     5    80
56778  102.65  25.00  1888    63
57395  114.12  31.57    74    42
54342  123.52  41.73    49    68
52876  102.83  36.33  1813    34
56228   96.92  30.05  3260    23
50727  119.93  47.17   997    78
58500  115.20  29.85    45    45
57972  113.03  25.80   184    38
57779  113.35  27.00   102    41
57679  112.78  28.12   115    33
57907  104.90  25.08  1299    80
54476  122.15  40.17    20    88
55578   88.88  29.25  3836     7
50963  128.73  45.97   108    82
56093  104.02  34.43  2315    50
52996  105.02  35.38  2450    68
52661  101.08  38.80  1765    23
52546   99.83  39.37  1332    31
56080  102.90  35.00  2910    31
56251  100.32  30.93  3000    23
59559  120.75  22.00    24    62
