diamond 3 2014年01月06日000时地面相对湿度rh(%)
14 01 06 000 1000 3 30 60 80 1 0 0 1  838
57343  109.53  31.90   995    57
57154  110.90  33.53   523    47
56786  103.83  25.58  1898    80
56875  102.55  24.33  1716    90
56643   98.85  25.87   949    69
56886  103.77  24.53  1704    86
56951  100.08  23.88  1502    91
56966  101.98  23.60   400    87
50136  122.52  52.97   433    76
59280  113.08  23.72    79    72
57832  108.67  26.97   626    80
54243  124.12  42.78   165    62
58562  121.55  29.78     5    97
58569  121.95  29.20   128    90
57687  112.92  28.22    68    28
51886   90.85  38.25  2944    35
57181  113.05  33.88   136    63
56021   95.80  34.12  4175    27
58450  120.05  30.87     7    97
58666  121.90  28.45    86    87
58742  119.55  28.12   163    92
50838  122.05  46.08   274    74
54135  122.27  43.60   178    81
56485  103.58  28.27  1255    81
57237  108.03  32.07   674    88
57426  107.80  30.68   454    84
50442  124.12  50.40   371    73
58834  118.17  26.63   152    83
58731  118.53  27.92   276    94
59133  118.92  24.90    21    64
58040  119.13  34.85     5   100
58255  120.57  32.37     6    97
58259  120.98  32.08     4    89
58354  120.35  31.62     3    86
54284  127.50  42.15   774    82
54377  126.22  41.15   225    81
53612  106.18  37.98  1128    26
51747   83.67  39.00  1099    73
51855   85.55  38.15  1247    73
52203   93.52  42.82   737    77
51367   86.82  44.13   522    81
57894  114.17  26.58   843    56
54208  116.47  42.18  1245    76
52984  103.18  35.58  1917    58
59298  114.37  23.07   108    85
53478  112.45  40.00  1345    73
54511  116.47  39.80    31    78
54929  117.97  35.27   121    85
54449  119.52  39.85     2    80
54624  117.32  38.40     4    86
51644   82.97  41.72  1081    77
57745  109.68  27.45   272    78
53929  107.80  35.20  1206    36
59218  106.42  23.13   739    91
59023  108.03  24.70   260    66
57445  109.72  30.60   609    91
50978  130.92  45.30   272    65
56331   97.83  29.67  3780    41
54751  120.73  37.93    39    93
58634  118.25  28.68   116    74
59417  106.85  22.33   128    88
53446  109.88  40.53  1004    66
53463  111.57  40.85  1153    46
53502  105.75  39.78  1031    35
53192  114.95  44.02  1126    65
53863  111.92  37.03   743    59
57774  112.17  27.45   100    68
57399  114.95  31.13    74    47
57348  109.53  31.02   299    79
50514  117.32  49.58   661    78
56067  101.48  33.43  3628    77
57516  106.47  29.58   259    88
57584  113.08  29.38    53    73
57673  112.88  28.68    53    71
57780  113.17  27.87    74    44
54836  118.17  36.18   305    92
56666  101.72  26.58  1224    61
58846  119.52  26.67    32    64
52866  101.75  36.73  2295    60
56029   96.97  33.00  3716    31
58608  115.55  28.07    30    63
58402  115.67  30.73   123    61
57520  107.07  29.83   377    99
58321  117.30  31.78    27    78
58236  118.25  32.35    33    99
58424  116.97  30.62    62    73
58429  117.85  30.98    11    79
58531  118.28  29.72   142    88
57649  109.68  28.23   254    85
57655  110.40  28.47   151    33
56128   96.60  31.22  3810    61
56434   97.47  28.65  2327    74
56173  102.55  32.80  3491    65
53775  112.53  37.43   781    59
57358  110.97  30.83   295    66
57502  105.70  29.70   394    93
59754  110.18  20.33    55    89
54027  119.40  43.98   486    80
56969  101.58  21.47   633   100
50742  124.48  47.80   162    77
54254  124.05  42.53    98    74
54335  122.08  41.68    37    82
59278  112.45  23.03    41    66
59303  115.75  23.92   135    92
51186   90.38  46.67  1218    68
51463   87.65  43.78   935    83
58221  117.30  32.85    26    90
50658  125.88  48.05   236    73
51730   81.27  40.55  1012    75
58725  117.47  27.33   218    92
59021  107.03  24.55   509    71
53231  106.38  41.45  1510    43
50915  116.97  45.52   838    77
54602  115.48  38.73    16    97
58005  115.67  34.45    50    93
54843  119.20  36.75    22    96
52825   96.43  36.43  2790    43
59158  120.68  24.15    78    68
59567  121.55  22.03   325    62
59997  114.37  10.38     5    83
59096  114.48  24.37   214    82
53594  114.18  39.45   938    71
53963  111.37  35.65   433    36
56792  104.97  25.78  1649    95
56033   98.22  34.92  4272    57
59306  115.85  23.45    80    94
57749  110.00  27.57   257    64
54523  117.02  39.38     4    84
53480  113.07  41.03  1419    60
57562  111.37  29.58   116    52
56109   93.78  31.48  3940    58
56178  102.35  31.00  2438    66
53882  113.07  36.05   991    49
52713   95.35  37.85  3173    22
52737   97.38  37.37  2981    43
58507  115.12  29.25   116    55
50758  125.90  47.18   246    74
50950  125.25  45.70   148    53
57993  115.00  25.87   137    77
52436   97.03  40.27  1526    51
54064  125.15  44.38   170    80
54171  126.52  43.70   229    77
54363  125.90  41.68   402    77
57306  105.97  31.58   382    95
52787  102.87  37.20  3045    42
57827  107.53  26.32   969    76
58557  120.08  29.33    90    79
58633  118.90  29.00    82    74
58667  121.27  28.08    95    75
52495  104.80  40.17  1323    40
57405  105.55  30.50   355    88
58744  119.42  27.45   815    80
58933  118.98  26.92   869    73
58038  118.78  34.08    10    93
58026  118.02  34.40    25    94
58027  117.15  34.28    41    80
58238  118.90  31.93    35    86
58252  119.47  32.18    27    83
50948  124.02  45.00   146    63
54260  125.08  42.92   252    74
53806  105.65  36.57  1854    23
51567   86.57  42.08  1055    86
57003  106.83  34.90   924    57
57025  107.38  34.52   781    58
53740  109.23  37.93  1111    48
57030  108.15  34.70   994    41
54455  120.65  40.62    20    83
54333  122.85  41.97    30    84
59088  113.42  24.18    74    87
59117  116.07  24.28   116    85
51839   82.72  37.07  1409    50
58122  116.98  33.63    25    89
58314  116.32  31.40    86    86
58319  116.95  31.07    85    62
58419  117.02  30.10    17    78
58336  118.57  31.70    80    81
58414  116.32  30.43   105    53
58436  118.98  30.62    87    84
53787  112.98  37.07  1041    57
51346   84.67  44.43   478    76
51628   80.23  41.17  1103    83
58927  117.02  25.05   376    93
56954   99.93  22.57  1054    95
56751  100.18  25.70  1990    61
57483  113.13  30.67    31    43
57265  111.73  32.43   132    66
50564  127.35  49.43   234    65
56227   95.77  29.87  2736    77
56106   93.78  31.88  4022    28
58467  121.27  30.20     4    91
58752  120.65  27.78    39    85
53959  111.05  35.05   365    25
57669  111.22  28.38   128    76
54826  117.10  36.25  1533    45
54195  129.78  43.30   244    75
52323   97.03  41.80  1770    61
51288   90.53  45.37  1653    61
51243   84.85  45.62   449    70
59673  112.77  21.73    21    78
57606  106.83  28.13   972    93
53487  113.42  40.08  1052    64
57608  105.43  28.17   377    87
54423  117.92  40.97   422    64
50739  123.18  47.33   190    74
51701   75.40  40.52  3504    53
51431   81.33  43.95   662    84
57028  107.32  34.03  1543    53
59242  109.23  23.75    84    72
52908   93.08  35.22  4612    30
54857  120.33  36.07    76   100
54753  120.33  37.63     4    90
57091  114.30  34.78    73    65
57285  113.42  32.38   153    67
53723  107.38  37.80  1349    20
59358  120.22  23.00    14    74
58203  115.73  32.87    32    70
58520  117.72  29.85   142    83
55472   88.63  30.95  4672     8
52797  104.05  37.18  1630    30
51804   75.23  37.77  3090    60
58837  118.15  26.17   137    97
58926  117.42  25.30   205    89
50632  121.92  48.77   739    79
56444   98.92  28.48  3319    27
56763  101.87  25.73  1120    67
56479  102.85  28.00  2132    83
59097  114.20  24.05   198    97
55655   85.97  28.18  3810    11
54237  121.75  42.07   167    87
58665  121.42  28.62     4    89
56144   98.58  31.80  3184    38
57872  112.60  26.90   104    41
57583  113.97  29.92    61    46
56034   97.13  33.80  4415    46
56018   95.28  32.88  4066    24
50844  123.45  46.40   138    86
57793  114.38  27.80   131    47
52378  102.37  41.37   960    37
52267  101.07  41.95   940    55
59845  109.58  19.52   169    90
59948  109.58  18.22   419    92
52533   98.48  39.77  1477    47
52986  103.87  35.37  1893    84
56964  100.97  22.78  1302    98
56223   95.83  30.75  3640    45
55493   91.10  30.48  4200    49
58519  116.68  29.00    40    56
56065  101.60  34.73  3500    75
56043  100.23  34.48  3719    49
55248   84.42  32.15  4414    20
53352  110.43  41.70  1376    47
53195  113.63  43.85  1036    52
57642  109.63  28.70   325    90
57853  110.63  26.73   341    67
54744  118.55  37.58     8    92
55279   90.02  31.38  4700    14
55294   91.10  32.35  4800    34
56187  103.87  30.75   547    89
53948  109.58  34.95   499    25
57131  108.97  34.43   410    45
53735  108.80  37.62  1336    29
56182  103.60  32.67  2881    66
54259  124.92  42.10   237    75
51542   84.15  43.03  2458    74
51232   82.57  45.18   336    73
51053   86.40  48.05   532    73
51526   88.22  42.23   922    76
53687  113.63  37.78   753    60
51573   89.20  42.93    34    64
58311  116.50  31.73    74    66
52645   99.58  38.42  3320    66
50862  127.98  46.98   206    74
58407  115.03  30.23    32    38
57633  108.77  28.82   826    48
58118  116.52  33.27    26    89
57279  112.75  32.15   125    55
57378  112.57  31.17    65    49
50247  123.57  52.03   514    80
51334   82.90  44.60   318    76
51477   88.32  43.35  1103    70
52833   98.48  36.93  2950    38
52754  100.13  37.33  3301    41
57647  109.18  28.15   406    88
54916  116.85  35.57    51    86
58472  122.45  30.73    79    68
59663  111.97  21.83    89    86
56257  100.27  30.00  3948    31
50353  126.63  51.73   173    72
50349  124.40  51.67   501    80
58944  119.78  25.52    32    79
58138  118.52  32.98    40    91
58158  120.48  33.20     3    99
50936  122.83  45.63   155    84
54041  123.07  44.80   150    73
54263  126.05  42.97   336    71
54273  126.75  42.98   263    72
53519  106.77  39.22  1092    35
53705  105.68  37.48  1183    22
51765   87.70  40.63   846    77
51068   87.47  47.12   500    70
57612  106.65  29.00   474    93
58527  117.20  29.30    61    63
54346  123.78  41.32   185    86
54351  124.08  41.92   118    81
54486  123.28  40.28    79    88
59316  116.68  23.40     2    73
59664  110.98  21.53    31    92
59289  113.73  22.97    56    74
59317  116.30  23.03    14    60
57313  106.77  31.87   417    95
53664  111.13  38.47  1012    36
53663  111.82  38.92  1401    54
59102  115.65  24.95   303    89
59092  114.82  24.92   206    82
57381  113.33  31.62   116    56
50877  129.58  46.30   100    46
58437  118.15  30.13  1840    34
56151  100.75  32.93  3530    35
52974  102.02  35.52  2491    30
57741  109.18  27.72   282    80
57916  106.77  25.43   440    85
54823  117.00  36.60   170    75
53915  106.67  35.55  1346    35
54623  117.72  39.05     4    92
54606  115.73  38.23    19    97
55681   90.40  28.97  4431    50
57193  114.52  33.78    52    85
57290  114.02  33.00    82    85
57776  112.70  27.30  1265    51
56312   94.33  29.67  2991    57
58715  116.65  27.58    80    69
53673  112.72  38.73   828    45
53490  114.05  40.43  1014    66
59324  117.03  23.43     7    52
57889  113.95  26.08   835    66
57493  114.33  30.35    73    43
53923  107.63  35.73  1421    38
57926  107.88  25.42   428    79
58600  115.37  28.87    78    53
53276  112.90  42.40  1150    27
54115  118.03  43.63   825    72
57874  112.40  26.42   116    62
57766  111.45  27.18   311    52
57965  111.60  25.53   192    69
55690   91.95  27.98  4280    62
57696  114.78  28.40    91    77
57598  114.58  29.03   146    71
58506  115.98  29.58  1164    37
57545  109.42  29.53   502    90
57574  112.40  29.37    36    50
56116   95.60  31.42  3873    46
52424   95.78  40.53  1170    56
52652  100.28  39.08  1461    40
54386  128.18  41.42   775    66
57523  107.73  29.85   290    84
50949  124.87  45.08   136    50
54181  127.33  43.70   295    65
57573  112.90  29.83    30    61
56748   99.18  25.12  1652    84
54470  122.07  41.02     5    90
54324  120.43  41.55   174    83
57494  114.05  30.60    23    61
58457  120.17  30.23    41    95
58477  122.10  30.03    35    97
56357  100.30  29.05  3727    25
50774  128.83  47.70   264    79
50788  131.98  47.23    66    66
50873  130.30  46.78    82    75
58358  120.43  31.07    16    89
58143  119.85  33.80     4    97
58241  119.45  32.80     5    87
58251  120.28  32.85     3    83
54157  124.33  43.17   165    61
53817  106.27  36.00  1753    27
54134  121.28  43.60   241    82
53602  105.67  38.83  1561    25
53942  109.42  35.77  1155    32
53725  107.58  37.58  1360    19
53754  110.22  37.50   929    50
54094  129.60  44.57   241    76
59462  111.60  22.70    60    94
51656   86.13  41.75   931    51
51433   82.52  43.80  1105    84
56125   96.47  32.20  3643    38
51469   87.18  43.45  1930    75
51777   88.17  39.03   887    63
58818  116.63  26.23   358    82
58730  118.03  27.77   222    83
58734  118.12  27.33   196    95
53083  114.15  44.62  1181    76
50425  120.18  50.25   581    80
54026  120.90  44.57   265    73
50639  122.73  48.00   306    74
53149  110.13  42.53  1225    28
56533   98.67  27.75  1583    83
56548   99.28  27.17  2326    43
56985  103.38  23.38  1300    80
56991  104.33  23.62  1561    96
57278  112.08  32.00   163    63
56188  103.67  31.00   698    83
59116  116.70  24.33    81    97
56172  102.23  31.90  2664    61
57758  110.58  27.07   323    66
50973  130.60  45.75   234    70
57789  113.95  27.13   194    66
58705  115.42  27.33    85    76
59644  109.13  21.45    12    92
52447   98.88  40.00  1270    58
56096  104.92  33.40  1079    47
57707  105.28  27.30  1510    61
56691  104.28  26.87  2237    94
57816  106.73  26.58  1223    91
57718  106.73  27.10  1038    99
55585   90.17  29.43  3809    24
54518  116.40  39.17     8    92
54705  115.38  37.37    27    87
51241   83.60  45.93  1077    70
53738  108.17  36.92  1331    33
59209  105.83  23.42   794    80
59228  107.58  23.32   108    81
52101   93.05  43.60  1677    66
51330   81.02  44.97  1357    69
56202   93.28  30.67  4488    71
54497  124.33  40.05    13    69
54579  122.58  39.27    35    83
59485  113.40  22.50    33    91
59501  115.37  22.80    16    61
57729  107.88  27.23   622    95
57614  106.22  28.33  1180    95
53975  112.40  35.48   659    39
56475  102.52  28.65  1659    83
56565  101.52  27.43  2545    23
57482  113.95  30.90    25    54
54842  120.00  36.78    62    96
54308  116.63  41.20   735    74
53898  114.40  36.05    62    60
57077  111.65  33.78   742    48
57297  114.05  32.13   114    81
58974  122.07  25.63   102    61
53336  108.52  41.57  1288    60
57912  106.63  26.13   990    70
57046  110.08  34.48  2064    53
53651  110.47  38.82  1098    58
57106  106.15  33.32   794    57
53646  109.78  38.27  1157    27
56462  101.50  29.00  2925    47
58718  116.53  27.22   111    78
54454  120.30  40.33    29    84
54471  122.17  40.65     3    91
59107  115.28  24.12   179    84
51931   81.65  36.85  1422    53
58326  117.83  31.58    30    81
58102  115.77  33.87    37    89
58338  118.58  31.15    17    80
53564  111.15  39.38   861    79
58918  116.42  25.05   198    91
54725  117.53  37.50    11    94
54012  117.60  44.58  1001    46
56739   98.50  25.02  1654    97
57355  110.37  31.03   334    59
56459  101.27  27.93  2426    18
56079  102.97  33.58  3441    70
50468  127.45  50.25   166    79
55680   89.60  28.92  4040    44
51633   81.90  41.78  1229    82
58606  115.92  28.60    46    58
57922  107.55  25.83  1013    82
53068  111.93  43.63   963    64
56317   94.22  29.22  2950    70
56196  104.73  31.45   522    93
59254  110.08  23.40    42    56
57251  110.42  33.00   249    65
52955  100.73  35.58  3120    50
56046   99.65  33.75  3967    49
57259  110.77  32.03   426    46
56004   92.43  34.22  4533    36
57731  108.25  27.95   416    67
57845  109.78  26.17   397    56
51705   75.25  39.72  2175    21
57238  107.90  32.53   693    50
59632  108.62  21.95     4    89
57866  111.62  26.23   172    60
59037  108.10  23.93   170    93
56074  102.08  34.00  3471    45
52674  101.97  38.23  1976    23
53821  107.30  36.57  1255    41
58843  120.02  26.88    56    62
50888  132.18  46.32    83    58
59453  110.12  22.67   121    75
59271  112.43  23.63    57    81
53578  112.43  39.37  1114    63
52889  103.88  36.05  1517    52
52446   99.52  40.30  1177    57
50945  124.27  45.50   137    63
54161  125.22  43.90   236    49
54165  125.63  43.55   219    73
54186  128.20  43.37   524    78
54286  129.00  42.53   475    72
54374  126.88  41.80   379    73
56664  101.27  26.63  1230    73
54349  124.13  41.30   258    83
57803  106.02  27.03  1231    93
54776  122.70  37.40    47    81
57439  108.93  30.28  1074    63
54102  116.12  43.95  1003    45
56167  101.12  30.98  2957    72
58754  120.20  27.33    36    69
59134  118.07  24.48   139    54
59321  117.50  23.78    53    52
58847  119.28  26.08    84    59
58130  117.95  33.93    23    85
58141  118.93  33.63    12    91
59855  110.47  19.23    24    93
51811   77.27  38.43  1231    61
51358   85.82  44.28   468    83
51437   81.13  43.15  1851    82
55589   90.98  29.30  3555    49
54452  119.82  40.80   365    86
54584  122.95  39.72    34    83
52818   94.92  36.42  2807    33
56152  100.33  32.28  3893    58
54429  117.95  40.20    54    71
51156   85.72  46.78  1291    70
51704   76.17  39.72  1298    73
59082  113.60  24.67   121    77
59954  110.03  18.55    35    95
59985  111.62  16.53     4    80
56671  102.25  26.65  1787    76
56374  101.97  30.05  2615    85
57503  105.12  29.62   349    95
57752  110.60  27.92   204    65
55299   92.07  31.48  4507    32
54266  125.63  42.53   340    73
59838  108.62  19.10     7    92
51810   77.63  38.92  1178    72
52633   98.42  38.82  3367    57
57857  110.32  26.37   477    55
52681  103.08  38.63  1367    34
57256  110.78  32.65   286    47
57051  111.20  34.80   409    46
57071  112.43  34.82   333    53
56137   97.17  31.15  3315    42
58968  121.52  25.03     9    57
51379   89.57  44.02   793    83
51133   83.00  46.73   534    72
59065  111.50  24.42   148    57
50527  119.70  49.25   649    82
56946   99.40  23.55  1104    93
56571  102.27  27.90  1590    26
50983  132.97  45.77   100    71
50745  123.92  47.38   147    77
54326  119.70  41.38   422    80
58448  119.70  30.22   117    97
55437   81.25  30.28  3900    31
55696   92.47  28.42  3860    75
54764  121.23  37.48    53   100
56543   99.70  27.83  3276    42
57825  107.98  26.60   720    78
58034  118.32  34.60    36    93
53772  112.58  37.62   776    51
52112   95.13  43.77   479    53
58622  117.58  28.95    88    75
54493  124.78  40.72   260    82
54472  122.72  40.88    25    92
54662  121.63  38.90    91    90
54660  121.23  38.82    66    92
59072  112.37  24.80   131    80
57932  108.53  25.97   285    82
57712  106.95  27.73   983    97
54406  115.97  40.45   487    80
57359  110.73  31.35   336    58
54945  119.53  35.43    36    85
54311  117.77  41.97   892    80
53399  114.70  41.15  1393    70
53593  114.57  39.83   909    70
53698  114.35  38.07   103    72
54436  118.95  40.42   254    79
58921  117.35  25.97   206    95
51087   89.52  46.98   807    68
51711   78.45  40.93  1985    24
54049  123.97  44.25   188    64
57517  106.25  29.28   261    90
57806  105.90  26.25  1431    82
57805  105.77  26.68  1319    79
57581  113.45  29.82    27    54
56247   99.10  30.00  2589    29
57536  108.78  29.53   607    48
57840  109.20  26.90   401    66
59981  112.33  16.83     4    76
57974  112.37  25.58   214    42
58813  116.33  26.85   143    89
54096  131.17  44.38   567    64
57902  105.18  25.43  1378    95
50834  121.22  46.60   499    73
57554  110.17  29.40   322    57
57671  112.37  28.85    37    67
58737  118.32  27.05   154    97
53764  111.10  37.50   950    38
52943   99.98  35.58  3323    35
58626  117.25  28.32    60    47
50656  126.50  48.27   277    73
57512  106.28  29.97   230    95
57432  108.40  30.77   186    97
58015  116.33  34.45    44    95
57206  105.85  32.43   513    88
53868  111.50  36.07   449    29
53853  110.95  36.70  1052    42
50246  124.72  52.35   361    75
53877  112.25  36.17   860    41
57052  110.45  34.88   354    39
52895  104.68  36.57  1398    56
50548  123.72  49.20   286    76
59446  109.30  22.42    66    82
57996  114.25  25.08   149    79
59293  114.73  23.80    70    88
59304  115.18  23.63   176    95
57328  107.50  31.20   344    92
58345  119.48  31.43     5    95
58343  119.98  31.88     4    84
59849  109.83  19.03   250    96
54292  129.50  42.87   257    75
53615  106.70  38.80  1101    41
53704  105.18  37.53  1225    24
53810  105.90  36.97  1339    24
54863  121.18  36.78    40    90
53854  110.07  36.58   804    45
57049  109.73  34.52   341    53
57232  108.27  33.05   484    55
53955  110.45  35.47   458    27
57124  106.93  33.63  1032    79
57134  107.98  33.52   827    63
57211  106.25  32.83   836    93
54563  122.02  39.63   118    87
58225  117.67  32.53    69    91
53986  113.88  35.32    73    49
55664   87.08  28.63  4300    24
58208  115.62  32.17    42    65
58111  116.45  33.97    32    91
57083  113.65  34.72   110    55
57089  113.93  34.07    67    68
57156  111.50  33.30   250    43
57178  112.58  33.03   129    65
54405  115.50  40.42   570    73
57245  109.03  32.72   290    35
57143  109.97  33.87   742    29
54334  121.25  41.52    74    83
54236  122.55  42.38    79    82
54339  123.00  41.08    77    71
59294  113.83  23.33    30    88
51076   88.08  47.73   735    72
51059   85.87  47.43   984    68
51716   78.57  39.80  1116    67
59758  110.25  20.00    63    89
51495   91.73  43.22   721    33
51467   86.33  42.77  1732    44
52118   94.70  43.27  1728    64
58820  117.17  26.90   342    92
59113  116.72  24.73   226    77
58911  116.37  25.85   310    86
54715  116.57  37.32    18   100
54226  120.70  42.33   400    78
56684  103.28  26.42  2110    40
56977  101.85  22.58  1120    98
56986  103.68  22.98  1414    99
56838   97.85  24.00   762    94
57595  114.50  29.60    76    34
56492  104.60  28.80   340    91
59488  113.57  22.28    51    77
59087  113.52  23.88    97    81
58646  119.92  28.45    59    91
56146  100.00  31.62  3393    55
57841  109.67  26.57   320    73
57761  111.30  27.75   211    67
57461  111.30  30.70   133    36
54909  115.52  35.08    51    90
58637  117.98  28.45   118    63
57799  114.92  27.05    71    72
53543  109.98  39.83  1461    29
59046  109.40  24.35    96    67
57947  109.40  25.22   121    78
56586  103.72  27.35  1949    87
59007  105.07  24.07  1249    93
56793  104.47  25.72  1800    72
50557  125.23  49.17   242    74
50968  127.97  45.22   189    77
52765  101.62  37.38  2850    62
59211  106.60  23.90   174    80
57034  108.22  34.25   447    52
56342   98.60  29.68  3870    41
59626  107.97  21.53    21    96
58464  121.08  30.62     5    93
53529  107.97  39.08  1381    48
54218  118.83  42.30   668    76
52418   94.68  40.15  1139    55
57957  110.30  25.32   164    52
53968  111.67  35.28   505    64
54063  126.00  44.97   196    63
54285  128.12  42.42   721    83
56959  100.78  22.00   582    91
59631  108.35  21.78    32    93
52679  102.67  37.92  1531    32
58760  121.15  27.83    68    79
50618  118.27  48.22   642    68
53513  107.37  40.73  1041    64
56287  103.00  29.98   627    89
50854  125.32  46.38   149    71
59126  117.65  24.50    28    68
58135  118.22  33.48    16    91
54142  123.53  43.50   114    69
53614  106.20  38.47  1110    35
53910  106.20  35.67  2841    91
51581   90.23  42.85   398    75
51709   75.98  39.47  1289    78
51238   82.07  44.90   531    74
59658  110.30  21.15    53    84
52707   93.68  36.80  2767    42
57910  106.08  25.77  1197    85
53798  114.50  37.07    77    62
54401  114.92  40.77   772    66
54539  118.88  39.43    10    78
51655   86.27  41.35   884    79
51365   87.53  44.20   440    63
53845  109.45  36.58  1180    42
59265  111.30  23.48   114    67
57710  106.40  27.80   890    97
57411  106.10  30.78   309    97
55228   80.08  32.50  4278    34
55773   89.08  27.73  4300    38
57906  106.08  25.18   566    89
59647  109.10  21.03    55    96
59431  108.22  22.63   121    90
53588  113.52  38.95  2208    30
52602   93.33  38.75  2770    28
54525  117.28  39.73     5    76
58806  116.02  26.48   209    76
57896  114.50  26.33   126    70
50953  126.57  45.93   118    73
52657  100.25  38.18  2787    32
57682  113.57  28.72   106    40
57067  111.03  34.05   568    58
59562  121.15  22.75    10    66
59792  116.72  20.67     6    86
57458  110.67  30.20   619    59
56038   98.10  32.98  4200    30
59456  110.93  22.35   141    79
54337  121.12  41.13    65    83
58652  120.72  28.87    83    87
57604  105.38  28.78   368    95
57779  113.35  27.00   102    48
57972  113.03  25.80   184    34
52876  102.83  36.33  1813    45
52661  101.08  38.80  1765    33
52996  105.02  35.38  2450    85
52884  103.95  36.35  1668    43
57625  107.45  28.55   679    71
53884  113.03  36.52   877    60
56778  102.65  25.00  1888    81
55578   88.88  29.25  3836    39
57907  104.90  25.08  1299    94
52836   98.10  36.30  3189    41
57679  112.78  28.12   115    39
58500  115.20  29.85    45    43
56251  100.32  30.93  3000    50
56693  104.87  26.58  1815    90
57839  109.15  26.23   568    70
50727  119.93  47.17   997    78
57662  111.68  29.12   150    51
54774  122.13  37.47    65    82
55572   89.10  29.68  4000    20
53859  110.67  36.10   851    40
54527  117.05  39.08     3    94
57395  114.12  31.57    74    67
50963  128.73  45.97   108    78
54808  115.63  36.23    37    84
58215  116.78  32.43    25    85
56080  102.90  35.00  2910    58
56228   96.92  30.05  3260    40
56093  104.02  34.43  2315    74
57722  107.47  27.77   792    89
52546   99.83  39.37  1332    40
54476  122.15  40.17    20    79
57014  105.87  34.57  1085    56
52856  100.62  36.27  2835    59
57447  109.47  30.28   457    95
58543  119.02  29.62   171    73
54213  119.02  42.93   634    52
57048  108.72  34.40   472    49
57144  109.15  33.43   693    46
56386  103.75  29.57   424    93
54342  123.52  41.73    49    82
59478  112.78  22.25    32    84
50756  126.97  47.45   239    80
51720   79.05  40.50  1161    82
52313   94.67  41.53  1573    57
58936  118.70  25.37    77    69
54727  117.55  36.68   121    84
53362  111.68  41.53  1490    36
50434  121.68  50.48   732    78
56768  101.55  25.03  1824    80
56856  100.87  24.47  1162    95
56651  100.22  26.85  2380    21
51642   84.27  41.82   982    77
56307   92.58  29.15  3260    51
52576  101.68  39.22  1510    33
52983  104.15  35.87  1874    53
54353  125.05  41.73   328    76
54365  125.35  41.28   245    82
59493  114.00  22.53    63    64
52868  101.43  36.03  2237    40
54416  116.87  40.38    71    74
57476  112.15  30.35    31    48
54534  118.10  39.65    23    91
54618  116.55  38.08    13    94
54528  117.13  39.23     3    92
58931  118.10  25.72  1653    41
51639   82.78  41.23   980    78
51828   79.93  37.13  1375    46
51818   78.28  37.62  1375    56
51470   88.12  43.88  1942    79
51060   86.87  47.70   473    72
57037  108.98  34.93   710    35
59058  110.52  24.20   145    83
53391  114.00  41.90  1482    54
58549  119.65  29.12    62    68
58553  120.82  30.05     6    91
58556  120.82  29.60   104    92
56385  103.33  29.52  3047    75
50853  126.97  46.62   179    68
58150  120.25  33.77     2    97
58356  121.00  31.40     3    88
58047  119.23  34.25     4    99
58265  121.60  32.07     3    95
58362  121.45  31.40     5    76
54276  126.80  42.40   570    71
53903  105.72  35.97  1916    64
59287  113.48  23.22    70    91
59559  120.75  22.00    24    61
50603  116.82  48.67   554    77
