diamond  3 2014年01月03日02时最高温度                        
  14  01  03  02 1000 1 35 1 0 0 1  831
57181 113.05  33.88  136   14
58005 115.67  34.45   50   16
54284 127.50  42.15  774   -5
59754 110.18  20.33   55   24
54335 122.08  41.68   37    3
57445 109.72  30.60  609    9
57237 108.03  32.07  674   11
56786 103.83  25.58 1898   20
57832 108.67  26.97  626   17
58040 119.13  34.85    5   10
58255 120.57  32.37    6   17
58259 120.98  32.08    4   17
58354 120.35  31.62    3   17
51644  82.97  41.72 1081   -3
51463  87.65  43.78  935   -4
51367  86.82  44.13  522  -13
59133 118.92  24.90   21   19
58725 117.47  27.33  218   19
57520 107.07  29.83  377    6
57502 105.70  29.70  394    7
58321 117.30  31.78   27   17
58429 117.85  30.98   11   18
56128  96.60  31.22 3810    6
56434  97.47  28.65 2327   13
56021  95.80  34.12 4175   -1
54751 120.73  37.93   39   10
53863 111.92  37.03  743    8
53502 105.75  39.78 1031    2
53192 114.95  44.02 1126   -3
58634 118.25  28.68  116   19
56485 103.58  28.27 1255    6
57894 114.17  26.58  843   17
58221 117.30  32.85   26   18
58450 120.05  30.87    7   16
58666 121.90  28.45   86   14
58562 121.55  29.78    5   19
58569 121.95  29.20  128   15
58742 119.55  28.12  163   20
59023 108.03  24.70  260   19
58834 118.17  26.63  152   20
53478 112.45  40.00 1345    1
52825  96.43  36.43 2790   -4
57516 106.47  29.58  259    8
59298 114.37  23.07  108   21
59280 113.08  23.72   79   22
53929 107.80  35.20 1206    5
56643  98.85  25.87  949   23
59303 115.75  23.92  135   20
58608 115.55  28.07   30   17
57673 112.88  28.68   53   15
57584 113.08  29.38   53   15
57780 113.17  27.87   74   19
52866 101.75  36.73 2295    1
56029  96.97  33.00 3716    4
50742 124.48  47.80  162  -16
57348 109.53  31.02  299   10
57687 112.92  28.22   68   17
59278 112.45  23.03   41   20
54843 119.20  36.75   22   13
59218 106.42  23.13  739   22
56331  97.83  29.67 3780    8
57399 114.95  31.13   74   18
57649 109.68  28.23  254   17
56173 102.55  32.80 3491    7
53446 109.88  40.53 1004    1
53463 111.57  40.85 1153   -2
58846 119.52  26.67   32   19
56067 101.48  33.43 3628    4
57426 107.80  30.68  454    6
58402 115.67  30.73  123   17
57358 110.97  30.83  295   11
51886  90.85  38.25 2944   -7
57774 112.17  27.45  100   19
57655 110.40  28.47  151   16
53775 112.53  37.43  781    5
58236 118.25  32.35   33   17
54836 118.17  36.18  305   11
54027 119.40  43.98  486    3
50838 122.05  46.08  274   -5
53231 106.38  41.45 1510   -6
54254 124.05  42.53   98    2
58424 116.97  30.62   62   16
58531 118.28  29.72  142   16
51747  83.67  39.00 1099   -1
50442 124.12  50.40  371  -15
54377 126.22  41.15  225   -1
50658 125.88  48.05  236  -19
50136 122.52  52.97  433  -22
50978 130.92  45.30  272  -10
57127 107.03  33.07  509    9
57154 110.90  33.53  523   13
57343 109.53  31.90  995   11
50514 117.32  49.58  661  -13
59417 106.85  22.33  128   24
57745 109.68  27.45  272   18
56969 101.58  21.47  633   27
54929 117.97  35.27  121   12
52984 103.18  35.58 1917    1
54135 122.27  43.60  178    4
50915 116.97  45.52  838   -4
54208 116.47  42.18 1245    1
56875 102.55  24.33 1716   20
56951 100.08  23.88 1502   23
56886 103.77  24.53 1704   21
56966 101.98  23.60  400   24
51186  90.38  46.67 1218   -9
51730  81.27  40.55 1012   -1
52203  93.52  42.82  737   -4
58731 118.53  27.92  276   21
54511 116.47  39.80   31    7
53612 106.18  37.98 1128    3
59021 107.03  24.55  509   20
54243 124.12  42.78  165    0
54449 119.52  39.85    2    6
54602 115.48  38.73   16    8
54624 117.32  38.40    4   13
51855  85.55  38.15 1247   -2
56666 101.72  26.58 1224   24
52908  93.08  35.22 4612   -7
50758 125.90  47.18  246  -16
53787 112.98  37.07 1041    8
53963 111.37  35.65  433    7
53959 111.05  35.05  365    9
56792 104.97  25.78 1649    9
57606 106.83  28.13  972    6
57827 107.53  26.32  969   15
58419 117.02  30.10   17   16
58336 118.57  31.70   80   19
53723 107.38  37.80 1349    1
53806 105.65  36.57 1854   -1
50950 125.25  45.70  148  -10
50564 127.35  49.43  234  -17
53740 109.23  37.93 1111    2
57091 114.30  34.78   73   11
57285 113.42  32.38  153   17
50948 124.02  45.00  146   -5
54064 125.15  44.38  170   -6
54260 125.08  42.92  252    0
54363 125.90  41.68  402   -1
59673 112.77  21.73   21   21
59088 113.42  24.18   74   21
52787 102.87  37.20 3045   -6
54455 120.65  40.62   20    7
57306 105.97  31.58  382    8
57608 105.43  28.17  377   11
58026 118.02  34.40   25   14
58038 118.78  34.08   10   15
58027 117.15  34.28   41   14
58238 118.90  31.93   35   18
58252 119.47  32.18   27   17
51346  84.67  44.43  478  -15
51243  84.85  45.62  449  -16
51628  80.23  41.17 1103   -1
51567  86.57  42.08 1055   -7
58927 117.02  25.05  376   21
54857 120.33  36.07   76   10
54195 129.78  43.30  244   -7
56033  98.22  34.92 4272   -6
52436  97.03  40.27 1526    0
56178 102.35  31.00 2438    9
57993 115.00  25.87  137   21
56954  99.93  22.57 1054   24
56751 100.18  25.70 1990   19
54333 122.85  41.97   30    4
54423 117.92  40.97  422    6
51701  75.40  40.52 3504   -9
51288  90.53  45.37 1653   -7
51431  81.33  43.95  662   -4
51839  82.72  37.07 1409    2
57405 105.55  30.50  355    7
56106  93.78  31.88 4022    3
56227  95.77  29.87 2736   11
58122 116.98  33.63   25   15
58319 116.95  31.07   85   17
58314 116.32  31.40   86   18
58414 116.32  30.43  105   16
58436 118.98  30.62   87   19
58633 118.90  29.00   82   17
58667 121.27  28.08   95   16
58467 121.27  30.20    4   18
58557 120.08  29.33   90   19
58752 120.65  27.78   39   18
57483 113.13  30.67   31   14
59242 109.23  23.75   84   21
58933 118.98  26.92  869   18
58744 119.42  27.45  815   17
53487 113.42  40.08 1052    3
50739 123.18  47.33  190  -12
54753 120.33  37.63    4   11
57003 106.83  34.90  924    9
57025 107.38  34.52  781    9
57028 107.32  34.03 1543    5
57030 108.15  34.70  994    6
59117 116.07  24.28  116   21
58507 115.12  29.25  116   13
57562 111.37  29.58  116   14
52713  95.35  37.85 3173   -6
52737  97.38  37.37 2981   -5
53480 113.07  41.03 1419    2
57669 111.22  28.38  128   17
59306 115.85  23.45   80   22
59096 114.48  24.37  214   22
52495 104.80  40.17 1323   -1
54826 117.10  36.25 1533    5
56109  93.78  31.48 3940    5
54171 126.52  43.70  229   -3
52323  97.03  41.80 1770    0
53882 113.07  36.05  991    6
54523 117.02  39.38    4    6
53594 114.18  39.45  938    6
57749 110.00  27.57  257   17
57265 111.73  32.43  132   13
55472  88.63  30.95 4672    0
51542  84.15  43.03 2458  -27
51068  87.47  47.12  500  -17
51053  86.40  48.05  532  -13
51573  89.20  42.93   34   -6
56479 102.85  28.00 2132    4
55681  90.40  28.97 4431    4
59092 114.82  24.92  206   22
58118 116.52  33.27   26   17
58311 116.50  31.73   74   17
58203 115.73  32.87   32   17
58520 117.72  29.85  142   19
50632 121.92  48.77  739  -15
58472 122.45  30.73   79   15
58665 121.42  28.62    4   17
57279 112.75  32.15  125   13
58407 115.03  30.23   32   15
58926 117.42  25.30  205   20
57776 112.70  27.30 1265   12
53687 113.63  37.78  753    9
52645  99.58  38.42 3320   -8
59289 113.73  22.97   56   20
59102 115.65  24.95  303   21
57642 109.63  28.70  325   16
57853 110.63  26.73  341   18
52754 100.13  37.33 3301   -2
59845 109.58  19.52  169   26
59948 109.58  18.22  419   21
57633 108.77  28.82  826   13
50877 129.58  46.30  100  -12
50844 123.45  46.40  138   -9
52986 103.87  35.37 1893    1
58519 116.68  29.00   40   16
53663 111.82  38.92 1401    1
55493  91.10  30.48 4200    5
55294  91.10  32.35 4800   -4
55279  90.02  31.38 4700   -2
55248  84.42  32.15 4414    0
57741 109.18  27.72  282   19
52533  98.48  39.77 1477    4
56151 100.75  32.93 3530    3
53352 110.43  41.70 1376    0
54351 124.08  41.92  118    4
56223  95.83  30.75 3640    7
57583 113.97  29.92   61   16
56043 100.23  34.48 3719    2
52267 101.07  41.95  940   -1
58437 118.15  30.13 1840    5
57916 106.77  25.43  440   20
54823 117.00  36.60  170   14
52378 102.37  41.37  960    0
52833  98.48  36.93 2950   -4
57647 109.18  28.15  406   18
57612 106.65  29.00  474    6
54916 116.85  35.57   51   13
50247 123.57  52.03  514  -24
50349 124.40  51.67  501  -16
54263 126.05  42.97  336   -5
53519 106.77  39.22 1092    4
53705 105.68  37.48 1183    4
50353 126.63  51.73  173  -21
53735 108.80  37.62 1336    0
53948 109.58  34.95  499    8
57131 108.97  34.43  410   11
53195 113.63  43.85 1036   -2
57193 114.52  33.78   52   14
57290 114.02  33.00   82   14
50936 122.83  45.63  155   -7
54041 123.07  44.80  150   -2
54273 126.75  42.98  263   -6
59663 111.97  21.83   89   23
59097 114.20  24.05  198   23
52797 104.05  37.18 1630    4
54237 121.75  42.07  167    3
56182 103.60  32.67 2881    8
56444  98.92  28.48 3319    9
56763 101.87  25.73 1120   27
58138 118.52  32.98   40   17
58158 120.48  33.20    3   15
51804  75.23  37.77 3090   -5
51477  88.32  43.35 1103   -5
51526  88.22  42.23  922   -6
51232  82.57  45.18  336  -17
58944 119.78  25.52   32   18
58837 118.15  26.17  137   22
55655  85.97  28.18 3810    5
59664 110.98  21.53   31   22
56018  95.28  32.88 4066    1
53915 106.67  35.55 1346    4
53664 111.13  38.47 1012    1
57793 114.38  27.80  131   17
50862 127.98  46.98  206  -16
56964 100.97  22.78 1302   22
57872 112.60  26.90  104   18
54623 117.72  39.05    4   11
57381 113.33  31.62  116   16
54259 124.92  42.10  237    0
54744 118.55  37.58    8   14
56065 101.60  34.73 3500   -1
52974 102.02  35.52 2491    1
56034  97.13  33.80 4415   -3
57378 112.57  31.17   65   13
59317 116.30  23.03   14   21
56257 100.27  30.00 3948    7
58527 117.20  29.30   61   19
51765  87.70  40.63  846   -3
54346 123.78  41.32  185    3
54486 123.28  40.28   79    4
54606 115.73  38.23   19   10
56144  98.58  31.80 3184   10
59316 116.68  23.40    2   20
57313 106.77  31.87  417    7
51334  82.90  44.60  318  -14
56187 103.87  30.75  547   11
57545 109.42  29.53  502   12
51241  83.60  45.93 1077   -2
51433  82.52  43.80 1105    0
56357 100.30  29.05 3727    8
56188 103.67  31.00  698   12
53083 114.15  44.62 1181   -3
50639 122.73  48.00  306  -13
58457 120.17  30.23   41   17
58477 122.10  30.03   35   17
58734 118.12  27.33  196   18
50873 130.30  46.78   82  -13
54842 120.00  36.78   62   11
54497 124.33  40.05   13    2
54579 122.58  39.27   35    6
53738 108.17  36.92 1331    2
56533  98.67  27.75 1583   19
58506 115.98  29.58 1164   11
57696 114.78  28.40   91   18
57598 114.58  29.03  146   13
57573 112.90  29.83   30   16
57874 112.40  26.42  116   19
53276 112.90  42.40 1150    0
54115 118.03  43.63  825    2
56172 102.23  31.90 2664   14
57889 113.95  26.08  835   18
50973 130.60  45.75  234  -10
58715 116.65  27.58   80   20
59644 109.13  21.45   12   20
56202  93.28  30.67 4488    2
55690  91.95  27.98 4280    3
57574 112.40  29.37   36   14
57718 106.73  27.10 1038    8
56691 104.28  26.87 2237   11
56096 104.92  33.40 1079   10
52447  98.88  40.00 1270    3
50425 120.18  50.25  581  -20
53673 112.72  38.73  828    2
57789 113.95  27.13  194   20
57523 107.73  29.85  290    8
54324 120.43  41.55  174    9
54470 122.07  41.02    5    4
56116  95.60  31.42 3873    6
56312  94.33  29.67 2991   11
57493 114.33  30.35   73   16
57758 110.58  27.07  323   17
52424  95.78  40.53 1170    0
53490 114.05  40.43 1014    5
57816 106.73  26.58 1223   12
59324 117.03  23.43    7   20
54134 121.28  43.60  241    5
54026 120.90  44.57  265    2
58600 115.37  28.87   78   17
57926 107.88  25.42  428   19
57729 107.88  27.23  622   17
56565 101.52  27.43 2545   16
54308 116.63  41.20  735    5
57278 112.08  32.00  163   12
59462 111.60  22.70   60   23
58818 116.63  26.23  358   22
50788 131.98  47.23   66  -15
50774 128.83  47.70  264  -14
53817 106.27  36.00 1753   -1
54094 129.60  44.57  241  -10
53725 107.58  37.58 1360    1
53754 110.22  37.50  929    0
53942 109.42  35.77 1155    4
53602 105.67  38.83 1561   -1
53149 110.13  42.53 1225   -2
53898 114.40  36.05   62   13
57077 111.65  33.78  742   11
50949 124.87  45.08  136   -7
54157 124.33  43.17  165   -1
54181 127.33  43.70  295   -9
54386 128.18  41.42  775   -7
56475 102.52  28.65 1659    9
56548  99.28  27.17 2326   15
58358 120.43  31.07   16   15
58143 119.85  33.80    4   14
58241 119.45  32.80    5   17
58251 120.28  32.85    3   16
52101  93.05  43.60 1677   -5
51777  88.17  39.03  887   -3
51656  86.13  41.75  931   -5
51330  81.02  44.97 1357   -2
58730 118.03  27.77  222   19
55585  90.17  29.43 3809    9
56125  96.47  32.20 3643    6
52652 100.28  39.08 1461    3
53923 107.63  35.73 1421    3
58705 115.42  27.33   85   20
57766 111.45  27.18  311   17
57965 111.60  25.53  192   16
56748  99.18  25.12 1652   18
53975 112.40  35.48  659    9
57494 114.05  30.60   23   16
57482 113.95  30.90   25   14
59485 113.40  22.50   33   21
59501 115.37  22.80   16   22
59116 116.70  24.33   81   21
56991 104.33  23.62 1561   23
56985 103.38  23.38 1300   25
51469  87.18  43.45 1930   -3
57614 106.22  28.33 1180    3
59209 105.83  23.42  794   22
59228 107.58  23.32  108   22
57297 114.05  32.13  114   16
54518 116.40  39.17    8    6
54705 115.38  37.37   27   13
57707 105.28  27.30 1510    4
51633  81.90  41.78 1229   -5
51811  77.27  38.43 1231    0
56459 101.27  27.93 2426   19
56079 102.97  33.58 3441    5
55680  89.60  28.92 4040    8
55589  90.98  29.30 3555   12
58326 117.83  31.58   30   17
58102 115.77  33.87   37   17
53068 111.93  43.63  963   -1
58754 120.20  27.33   36   20
58847 119.28  26.08   84   20
59321 117.50  23.78   53   19
50468 127.45  50.25  166  -16
54725 117.53  37.50   11   14
54776 122.70  37.40   47    6
59855 110.47  19.23   24   25
59985 111.62  16.53    4   26
54584 122.95  39.72   34    4
53646 109.78  38.27 1157    3
57238 107.90  32.53  693   10
56664 101.27  26.63 1230   24
56739  98.50  25.02 1654   16
52955 100.73  35.58 3120   -2
59954 110.03  18.55   35   25
57912 106.63  26.13  990   14
53564 111.15  39.38  861   -1
57922 107.55  25.83 1013   14
57803 106.02  27.03 1231    8
56317  94.22  29.22 2950    9
57256 110.78  32.65  286   15
59037 108.10  23.93  170   22
54186 128.20  43.37  524   -4
54286 129.00  42.53  475    0
54374 126.88  41.80  379   -6
57731 108.25  27.95  416   17
56004  92.43  34.22 4533   -5
54012 117.60  44.58 1001   -4
51810  77.63  38.92 1178    1
50888 132.18  46.32   83  -12
54471 122.17  40.65    3    5
54349 124.13  41.30  258    1
56137  97.17  31.15 3315   11
57259 110.77  32.03  426   10
57251 110.42  33.00  249   15
52818  94.92  36.42 2807   -3
57845 109.78  26.17  397   17
57752 110.60  27.92  204   16
56374 101.97  30.05 2615    2
58718 116.53  27.22  111   21
58606 115.92  28.60   46   17
56462 101.50  29.00 2925   15
58338 118.58  31.15   17   18
59107 115.28  24.12  179   21
51704  76.17  39.72 1298   -2
51156  85.72  46.78 1291   -3
57071 112.43  34.82  333   12
53651 110.47  38.82 1098    3
57046 110.08  34.48 2064    0
57106 106.15  33.32  794   11
57051 111.20  34.80  409   10
50945 124.27  45.50  137   -7
54161 125.22  43.90  236   -4
54165 125.63  43.55  219   -1
54454 120.30  40.33   29    6
57439 108.93  30.28 1074    7
58130 117.95  33.93   23   15
58141 118.93  33.63   12   15
51437  81.13  43.15 1851   -4
51931  81.65  36.85 1422    4
51705  75.25  39.72 2175    4
58918 116.42  25.05  198   21
54266 125.63  42.53  340   -2
59271 112.43  23.63   57   22
55299  92.07  31.48 4507   -1
52633  98.42  38.82 3367   -5
52674 101.97  38.23 1976    1
56074 102.08  34.00 3471    5
52889 103.88  36.05 1517    3
53821 107.30  36.57 1255    2
52446  99.52  40.30 1177    3
52681 103.08  38.63 1367    3
53578 112.43  39.37 1114    4
56671 102.25  26.65 1787   19
56196 104.73  31.45  522   11
59453 110.12  22.67  121   22
59254 110.08  23.40   42   17
57866 111.62  26.23  172   19
57857 110.32  26.37  477   19
58843 120.02  26.88   56   18
59134 118.07  24.48  139   19
59838 108.62  19.10    7   23
56046  99.65  33.75 3967    0
57355 110.37  31.03  334   10
54102 116.12  43.95 1003   -2
53336 108.52  41.57 1288   -1
59082 113.60  24.67  121   21
56152 100.33  32.28 3893    6
56167 101.12  30.98 2957   14
51358  85.82  44.28  468  -16
59632 108.62  21.95    4   22
54452 119.82  40.80  365    8
54429 117.95  40.20   54    7
57503 105.12  29.62  349    7
54096 131.17  44.38  567  -11
52112  95.13  43.77  479   -4
51711  78.45  40.93 1985    1
56571 102.27  27.90 1590   21
58622 117.58  28.95   88   19
58015 116.33  34.45   44   16
58225 117.67  32.53   69   17
58448 119.70  30.22  117   18
57359 110.73  31.35  336   12
58921 117.35  25.97  206   21
54945 119.53  35.43   36   10
58345 119.48  31.43    5   16
57825 107.98  26.60  720   16
59849 109.83  19.03  250   26
54660 121.23  38.82   66    8
54662 121.63  38.90   91    7
50246 124.72  52.35  361  -17
58626 117.25  28.32   60   19
57671 112.37  28.85   37   14
57554 110.17  29.40  322   14
57974 112.37  25.58  214   21
52943  99.98  35.58 3323   -1
50834 121.22  46.60  499   -4
57536 108.78  29.53  607   12
56247  99.10  30.00 2589   18
50656 126.50  48.27  277  -22
57902 105.18  25.43 1378   15
52895 104.68  36.57 1398    3
54764 121.23  37.48   53   11
53764 111.10  37.50  950    1
55696  92.47  28.42 3860   10
54049 123.97  44.25  188   -4
57840 109.20  26.90  401   18
57432 108.40  30.77  186    9
54563 122.02  39.63  118    8
55437  81.25  30.28 3900    4
57581 113.45  29.82   27   13
57206 105.85  32.43  513   14
57806 105.90  26.25 1431    8
58813 116.33  26.85  143   21
59981 112.33  16.83    4   26
57932 108.53  25.97  285   15
57712 106.95  27.73  983   11
54311 117.77  41.97  892    6
53986 113.88  35.32   73   12
57156 111.50  33.30  250   14
53615 106.70  38.80 1101    4
53704 105.18  37.53 1225    4
53810 105.90  36.97 1339    3
50745 123.92  47.38  147  -12
53854 110.07  36.58  804    4
53955 110.45  35.47  458    8
57049 109.73  34.52  341   10
57124 106.93  33.63 1032   11
57211 106.25  32.83  836   11
57232 108.27  33.05  484   12
50548 123.72  49.20  286  -15
57083 113.65  34.72  110   13
58208 115.62  32.17   42   16
57089 113.93  34.07   67   14
54292 129.50  42.87  257   -6
59293 114.73  23.80   70   21
59072 112.37  24.80  131   15
57996 114.25  25.08  149   21
54493 124.78  40.72  260    1
59065 111.50  24.42  148   16
59446 109.30  22.42   66   22
56543  99.70  27.83 3276    9
58343 119.98  31.88    4   18
51379  89.57  44.02  793   -7
51133  83.00  46.73  534   -6
57512 106.28  29.97  230    8
57517 106.25  29.28  261    9
55664  87.08  28.63 4300    6
58034 118.32  34.60   36   14
53853 110.95  36.70 1052    3
53877 112.25  36.17  860    8
53772 112.58  37.62  776    4
57052 110.45  34.88  354   10
53868 111.50  36.07  449    6
58737 118.32  27.05  154   19
57805 105.77  26.68 1319    9
54863 121.18  36.78   40    9
50983 132.97  45.77  100  -12
50527 119.70  49.25  649  -20
59304 115.18  23.63  176   23
57328 107.50  31.20  344    6
56946  99.40  23.55 1104   25
51087  89.52  46.98  807   -8
54406 115.97  40.45  487    8
54326 119.70  41.38  422    8
54472 122.72  40.88   25    6
57178 112.58  33.03  129   15
58111 116.45  33.97   32   17
53399 114.70  41.15 1393    2
53593 114.57  39.83  909    4
53698 114.35  38.07  103   12
54405 115.50  40.42  570    7
54436 118.95  40.42  254    7
57134 107.98  33.52  827   13
59647 109.10  21.03   55   20
59631 108.35  21.78   32   21
57461 111.30  30.70  133   12
54063 126.00  44.97  196  -10
54142 123.53  43.50  114    0
56146 100.00  31.62 3393   10
52707  93.68  36.80 2767   -3
53543 109.98  39.83 1461    0
54339 123.00  41.08   77    6
50557 125.23  49.17  242  -19
57710 106.40  27.80  890    7
52657 100.25  38.18 2787   -3
57910 106.08  25.77 1197   14
59294 113.83  23.33   30   22
53614 106.20  38.47 1110    4
53910 106.20  35.67 2841   -7
53845 109.45  36.58 1180    2
57034 108.22  34.25  447   12
57143 109.97  33.87  742   10
57245 109.03  32.72  290    9
50618 118.27  48.22  642  -12
57067 111.03  34.05  568   11
54285 128.12  42.42  721   -4
52602  93.33  38.75 2770   -6
52679 102.67  37.92 1531    3
54334 121.25  41.52   74    6
56492 104.60  28.80  340   11
56684 103.28  26.42 2110   16
58135 118.22  33.48   16   16
51365  87.53  44.20  440  -16
51238  82.07  44.90  531  -14
51059  85.87  47.43  984   -3
55773  89.08  27.73 4300    6
56342  98.60  29.68 3870    7
52418  94.68  40.15 1139    0
54909 115.52  35.08   51   11
53588 113.52  38.95 2208   -2
53968 111.67  35.28  505   10
53529 107.97  39.08 1381    0
54218 118.83  42.30  668    7
57799 114.92  27.05   71   19
58637 117.98  28.45  118   20
50968 127.97  45.22  189  -10
59626 107.97  21.53   21   22
57947 109.40  25.22  121   18
57957 110.30  25.32  164   12
59046 109.40  24.35   96   19
59211 106.60  23.90  174   21
56586 103.72  27.35 1949    8
59007 105.07  24.07 1249   25
57761 111.30  27.75  211   18
56793 104.47  25.72 1800   21
54236 122.55  42.38   79    3
56959 100.78  22.00  582   26
55228  80.08  32.50 4278   -1
50953 126.57  45.93  118  -12
50854 125.32  46.38  149  -13
57595 114.50  29.60   76   13
53513 107.37  40.73 1041    0
59658 110.30  21.15   53   21
59488 113.57  22.28   51   20
56977 101.85  22.58 1120   23
56986 103.68  22.98 1414   21
56838  97.85  24.00  762   23
51495  91.73  43.22  721   -5
51709  75.98  39.47 1289   -2
51076  88.08  47.73  735  -11
59126 117.65  24.50   28   20
58820 117.17  26.90  342   21
58911 116.37  25.85  310   20
59113 116.72  24.73  226   20
54525 117.28  39.73    5    7
59758 110.25  20.00   63   24
53798 114.50  37.07   77   11
54401 114.92  40.77  772    6
54539 118.88  39.43   10    9
52765 101.62  37.38 2850   -2
51581  90.23  42.85  398   -5
51467  86.33  42.77 1732   -3
51716  78.57  39.80 1116    0
56287 103.00  29.98  627   12
54226 120.70  42.33  400    9
58464 121.08  30.62    5   14
58646 119.92  28.45   59   18
58760 121.15  27.83   68   15
59431 108.22  22.63  121   23
59265 111.30  23.48  114   21
54715 116.57  37.32   18   13
59087 113.52  23.88   97   22
57896 114.50  26.33  126   20
58806 116.02  26.48  209   21
57411 106.10  30.78  309    7
57682 113.57  28.72  106   15
57841 109.67  26.57  320   19
57906 106.08  25.18  566   21
51655  86.27  41.35  884   -3
52118  94.70  43.27 1728    0
51828  79.93  37.13 1375    2
52313  94.67  41.53 1573   -2
51818  78.28  37.62 1375    1
56385 103.33  29.52 3047   -3
53362 111.68  41.53 1490    1
50434 121.68  50.48  732  -19
50603 116.82  48.67  554   -7
54213 119.02  42.93  634    7
58543 119.02  29.62  171   15
58553 120.82  30.05    6   16
58556 120.82  29.60  104   18
58549 119.65  29.12   62   17
58652 120.72  28.87   83   18
52836  98.10  36.30 3189   -6
50756 126.97  47.45  239  -18
58150 120.25  33.77    2   12
57722 107.47  27.77  792   14
54337 121.12  41.13   65    6
59478 112.78  22.25   32   23
57037 108.98  34.93  710    8
57048 108.72  34.40  472   11
56651 100.22  26.85 2380   17
52868 101.43  36.03 2237    5
58500 115.20  29.85   45   14
57662 111.68  29.12  150   15
50727 119.93  47.17  997   -9
54342 123.52  41.73   49    4
57907 104.90  25.08 1299   22
57625 107.45  28.55  679   12
57839 109.15  26.23  568   17
56693 104.87  26.58 1815   11
52661 101.08  38.80 1765    0
56080 102.90  35.00 2910    0
55572  89.10  29.68 4000    8
56251 100.32  30.93 3000   12
52983 104.15  35.87 1874    0
52996 105.02  35.38 2450   -6
51060  86.87  47.70  473  -13
58362 121.45  31.40    5   16
54476 122.15  40.17   20    7
57395 114.12  31.57   74   19
57679 112.78  28.12  115   17
56093 104.02  34.43 2315    1
56386 103.75  29.57  424    9
57447 109.47  30.28  457   10
57458 110.67  30.20  619   11
59493 114.00  22.53   63   22
58931 118.10  25.72 1653   10
56307  92.58  29.15 3260   14
53903 105.72  35.97 1916    0
54527 117.05  39.08    3    9
54528 117.13  39.23    3    7
50955 126.30  45.38  166  -11
50853 126.97  46.62  179  -15
57144 109.15  33.43  693   12
52576 101.68  39.22 1510    1
53391 114.00  41.90 1482    0
54276 126.80  42.40  570   -3
52856 100.62  36.27 2835    2
59456 110.93  22.35  141   22
57014 105.87  34.57 1085    8
59058 110.52  24.20  145   16
56038  98.10  32.98 4200    0
56768 101.55  25.03 1824   19
58265 121.60  32.07    3   14
56856 100.87  24.47 1162   23
58356 121.00  31.40    3   18
58047 119.23  34.25    4   14
51642  84.27  41.82  982   -5
51470  88.12  43.88 1942   -7
58936 118.70  25.37   77   20
58215 116.78  32.43   25   18
56228  96.92  30.05 3260   12
55578  88.88  29.25 3836   10
52876 102.83  36.33 1813    2
52546  99.83  39.37 1332    3
52884 103.95  36.35 1668    1
54808 115.63  36.23   37   12
54774 122.13  37.47   65    9
53884 113.03  36.52  877    8
53859 110.67  36.10  851    5
57604 105.38  28.78  368    9
50963 128.73  45.97  108  -15
56778 102.65  25.00 1888   19
57779 113.35  27.00  102   21
57972 113.03  25.80  184   21
54727 117.55  36.68  121   14
57476 112.15  30.35   31   13
59287 113.48  23.22   70   22
51639  82.78  41.23  980   -2
54416 116.87  40.38   71    7
54353 125.05  41.73  328    0
54365 125.35  41.28  245    0
54534 118.10  39.65   23    8
54618 116.55  38.08   13   12
51720  79.05  40.50 1161    1
