diamond  3 2014年01月02日02时最高温度                        
  14  01  02  02 1000 1 35 1 0 0 1  833
59298 114.37  23.07  108   20
58725 117.47  27.33  218   18
51186  90.38  46.67 1218   -7
58562 121.55  29.78    5   19
58569 121.95  29.20  128   16
58742 119.55  28.12  163   18
54243 124.12  42.78  165   -3
56886 103.77  24.53 1704   18
56951 100.08  23.88 1502   21
56875 102.55  24.33 1716   19
56966 101.98  23.60  400   19
56969 101.58  21.47  633   24
59278 112.45  23.03   41   20
50658 125.88  48.05  236  -17
50136 122.52  52.97  433  -18
58450 120.05  30.87    7   18
58666 121.90  28.45   86   15
54929 117.97  35.27  121   13
57894 114.17  26.58  843   15
59023 108.03  24.70  260   19
58846 119.52  26.67   32   18
58731 118.53  27.92  276   18
54511 116.47  39.80   31   13
57516 106.47  29.58  259    7
57832 108.67  26.97  626   17
52825  96.43  36.43 2790   -2
50978 130.92  45.30  272   -7
53478 112.45  40.00 1345    1
54027 119.40  43.98  486   -4
50838 122.05  46.08  274   -8
53231 106.38  41.45 1510   -3
57445 109.72  30.60  609   13
57426 107.80  30.68  454   10
58834 118.17  26.63  152   18
58221 117.30  32.85   26   16
58040 119.13  34.85    5   13
58255 120.57  32.37    6   16
58259 120.98  32.08    4   15
51747  83.67  39.00 1099   -2
56128  96.60  31.22 3810    8
57399 114.95  31.13   74   17
57502 105.70  29.70  394    6
56029  96.97  33.00 3716    7
53446 109.88  40.53 1004    2
53502 105.75  39.78 1031    5
58634 118.25  28.68  116   18
57655 110.40  28.47  151   17
57649 109.68  28.23  254   17
57687 112.92  28.22   68   18
57774 112.17  27.45  100   19
54843 119.20  36.75   22   13
54836 118.17  36.18  305   11
54751 120.73  37.93   39    6
59417 106.85  22.33  128   22
53775 112.53  37.43  781    9
53863 111.92  37.03  743   11
50742 124.48  47.80  162  -15
59218 106.42  23.13  739   19
52866 101.75  36.73 2295    3
57745 109.68  27.45  272   17
57673 112.88  28.68   53   18
57780 113.17  27.87   74   18
57584 113.08  29.38   53   17
54284 127.50  42.15  774   -9
54377 126.22  41.15  225    0
56485 103.58  28.27 1255    7
57237 108.03  32.07  674   11
54449 119.52  39.85    2   10
54602 115.48  38.73   16   14
54624 117.32  38.40    4   12
59303 115.75  23.92  135   19
59754 110.18  20.33   55   22
52984 103.18  35.58 1917    1
51644  82.97  41.72 1081   -3
52203  93.52  42.82  737   -5
51855  85.55  38.15 1247   -3
51463  87.65  43.78  935   -8
51367  86.82  44.13  522   -9
51730  81.27  40.55 1012   -3
54135 122.27  43.60  178   -3
50915 116.97  45.52  838  -11
54208 116.47  42.18 1245   -3
59021 107.03  24.55  509   18
50442 124.12  50.40  371  -13
59133 118.92  24.90   21   18
58354 120.35  31.62    3   16
56643  98.85  25.87  949   23
56786 103.83  25.58 1898   20
53612 106.18  37.98 1128    6
58236 118.25  32.35   33   17
58424 116.97  30.62   62   16
58531 118.28  29.72  142   16
56067 101.48  33.43 3628    9
54335 122.08  41.68   37    4
56331  97.83  29.67 3780    8
51886  90.85  38.25 2944   -7
58005 115.67  34.45   50   15
54254 124.05  42.53   98   -1
57348 109.53  31.02  299   11
57520 107.07  29.83  377    6
58402 115.67  30.73  123   17
57358 110.97  30.83  295   16
56434  97.47  28.65 2327   14
56021  95.80  34.12 4175    1
53192 114.95  44.02 1126   -4
56173 102.55  32.80 3491    9
56666 101.72  26.58 1224   21
58608 115.55  28.07   30   17
57181 113.05  33.88  136   18
58321 117.30  31.78   27   16
58429 117.85  30.98   11   16
57127 107.03  33.07  509    9
57154 110.90  33.53  523   16
57343 109.53  31.90  995   15
53929 107.80  35.20 1206    6
59280 113.08  23.72   79   21
50514 117.32  49.58  661  -16
53463 111.57  40.85 1153   -1
59096 114.48  24.37  214   21
53963 111.37  35.65  433   11
56109  93.78  31.48 3940    6
50758 125.90  47.18  246  -16
50950 125.25  45.70  148  -12
56033  98.22  34.92 4272   -4
52713  95.35  37.85 3173   -2
57749 110.00  27.57  257   17
57562 111.37  29.58  116   17
59306 115.85  23.45   80   21
53882 113.07  36.05  991    8
53480 113.07  41.03 1419    1
50948 124.02  45.00  146   -7
54064 125.15  44.38  170   -8
57669 111.22  28.38  128   19
54826 117.10  36.25 1533    2
52495 104.80  40.17 1323    2
56178 102.35  31.00 2438    8
56792 104.97  25.78 1649   14
58507 115.12  29.25  116   14
57003 106.83  34.90  924   11
57025 107.38  34.52  781   11
57028 107.32  34.03 1543    9
57030 108.15  34.70  994   10
58927 117.02  25.05  376   21
51288  90.53  45.37 1653   -8
51567  86.57  42.08 1055   -8
51628  80.23  41.17 1103   -2
58467 121.27  30.20    4   17
54260 125.08  42.92  252   -4
58557 120.08  29.33   90   16
58752 120.65  27.78   39   18
54333 122.85  41.97   30    3
56954  99.93  22.57 1054   23
57827 107.53  26.32  969   14
54455 120.65  40.62   20    8
59673 112.77  21.73   21   21
52737  97.38  37.37 2981    4
57091 114.30  34.78   73   16
57285 113.42  32.38  153   19
53740 109.23  37.93 1111    7
58633 118.90  29.00   82   17
58667 121.27  28.08   95   16
54753 120.33  37.63    4    6
59242 109.23  23.75   84   20
58933 118.98  26.92  869   18
52787 102.87  37.20 3045   -4
57606 106.83  28.13  972   11
57405 105.55  30.50  355    6
57608 105.43  28.17  377    7
54423 117.92  40.97  422    8
54363 125.90  41.68  402   -2
57306 105.97  31.58  382    5
51346  84.67  44.43  478  -11
51243  84.85  45.62  449  -17
51701  75.40  40.52 3504  -10
51839  82.72  37.07 1409    2
51431  81.33  43.95  662  -10
50739 123.18  47.33  190  -10
58026 118.02  34.40   25   14
56227  95.77  29.87 2736   11
50564 127.35  49.43  234  -16
53487 113.42  40.08 1052    4
57483 113.13  30.67   31   18
54857 120.33  36.07   76   11
58744 119.42  27.45  815   16
58314 116.32  31.40   86   20
58414 116.32  30.43  105   16
58436 118.98  30.62   87   19
58027 117.15  34.28   41   15
52908  93.08  35.22 4612   -7
58038 118.78  34.08   10   14
58238 118.90  31.93   35   16
58252 119.47  32.18   27   17
56751 100.18  25.70 1990   18
53723 107.38  37.80 1349    6
53806 105.65  36.57 1854    2
58122 116.98  33.63   25   16
58319 116.95  31.07   85   15
58336 118.57  31.70   80   17
58419 117.02  30.10   17   18
53959 111.05  35.05  365   11
54523 117.02  39.38    4   12
52436  97.03  40.27 1526   -6
53787 112.98  37.07 1041   10
53594 114.18  39.45  938    6
59117 116.07  24.28  116   20
59088 113.42  24.18   74   19
54195 129.78  43.30  244   -4
54171 126.52  43.70  229   -7
56106  93.78  31.88 4022   15
52323  97.03  41.80 1770   -1
57993 115.00  25.87  137   18
57265 111.73  32.43  132   17
58527 117.20  29.30   61   17
59317 116.30  23.03   14   22
57647 109.18  28.15  406   16
58944 119.78  25.52   32   17
58926 117.42  25.30  205   21
51068  87.47  47.12  500  -17
58665 121.42  28.62    4   18
54346 123.78  41.32  185    2
54486 123.28  40.28   79    6
56065 101.60  34.73 3500    6
59664 110.98  21.53   31   21
52833  98.48  36.93 2950    4
52974 102.02  35.52 2491    4
52645  99.58  38.42 3320   -6
57290 114.02  33.00   82   17
50349 124.40  51.67  501  -17
55681  90.40  28.97 4431    5
53195 113.63  43.85 1036   -2
57131 108.97  34.43  410   12
58472 122.45  30.73   79   12
54744 118.55  37.58    8   12
59092 114.82  24.92  206   20
52797 104.05  37.18 1630    1
53687 113.63  37.78  753   10
50632 121.92  48.77  739  -16
57378 112.57  31.17   65   16
58203 115.73  32.87   32   17
58520 117.72  29.85  142   17
58138 118.52  32.98   40   16
58158 120.48  33.20    3   14
54259 124.92  42.10  237   -1
54351 124.08  41.92  118    1
55493  91.10  30.48 4200    5
55248  84.42  32.15 4414    0
57583 113.97  29.92   61   18
52533  98.48  39.77 1477   -1
52986 103.87  35.37 1893    1
52754 100.13  37.33 3301   -2
52267 101.07  41.95  940    1
57793 114.38  27.80  131   18
54823 117.00  36.60  170   13
56964 100.97  22.78 1302   21
53664 111.13  38.47 1012    4
57916 106.77  25.43  440   19
50844 123.45  46.40  138   -9
50862 127.98  46.98  206  -18
55294  91.10  32.35 4800   -1
50877 129.58  46.30  100   -9
57313 106.77  31.87  417    6
56187 103.87  30.75  547    5
57633 108.77  28.82  826   13
56043 100.23  34.48 3719    4
57872 112.60  26.90  104   17
57776 112.70  27.30 1265   11
57642 109.63  28.70  325   15
57853 110.63  26.73  341   17
58519 116.68  29.00   40   16
57279 112.75  32.15  125   18
54623 117.72  39.05    4   11
53663 111.82  38.92 1401    4
50936 122.83  45.63  155   -7
54041 123.07  44.80  150   -6
54263 126.05  42.97  336   -6
54273 126.75  42.98  263   -5
56257 100.27  30.00 3948    8
56182 103.60  32.67 2881    9
56479 102.85  28.00 2132   11
54606 115.73  38.23   19   14
59316 116.68  23.40    2   21
59663 111.97  21.83   89   21
59097 114.20  24.05  198   21
59289 113.73  22.97   56   21
51542  84.15  43.03 2458  -30
51573  89.20  42.93   34   -6
51477  88.32  43.35 1103   -6
51232  82.57  45.18  336  -16
51526  88.22  42.23  922   -3
50247 123.57  52.03  514  -18
50353 126.63  51.73  173  -17
54916 116.85  35.57   51   13
57612 106.65  29.00  474    6
58407 115.03  30.23   32   17
55655  85.97  28.18 3810    3
58837 118.15  26.17  137   19
56444  98.92  28.48 3319   10
56763 101.87  25.73 1120   27
53519 106.77  39.22 1092    5
53705 105.68  37.48 1183    3
58118 116.52  33.27   26   16
58311 116.50  31.73   74   19
58437 118.15  30.13 1840    6
56018  95.28  32.88 4066    4
56034  97.13  33.80 4415    0
55472  88.63  30.95 4672    1
52378 102.37  41.37  960    1
57193 114.52  33.78   52   17
54237 121.75  42.07  167    2
59845 109.58  19.52  169   24
55279  90.02  31.38 4700    0
57381 113.33  31.62  116   16
53915 106.67  35.55 1346    7
56151 100.75  32.93 3530   10
53352 110.43  41.70 1376    3
56144  98.58  31.80 3184   11
57741 109.18  27.72  282   16
59102 115.65  24.95  303   21
59948 109.58  18.22  419   21
53735 108.80  37.62 1336    7
53948 109.58  34.95  499   11
51804  75.23  37.77 3090   -6
56223  95.83  30.75 3640    8
51334  82.90  44.60  318  -12
51765  87.70  40.63  846   -2
51053  86.40  48.05  532  -13
57766 111.45  27.18  311   17
57965 111.60  25.53  192   18
59324 117.03  23.43    7   20
53490 114.05  40.43 1014    5
57816 106.73  26.58 1223   12
56116  95.60  31.42 3873    7
56172 102.23  31.90 2664   12
59644 109.13  21.45   12   20
54115 118.03  43.63  825   -3
50949 124.87  45.08  136   -8
54157 124.33  43.17  165   -4
54181 127.33  43.70  295   -7
54386 128.18  41.42  775   -6
56565 101.52  27.43 2545   16
56188 103.67  31.00  698    5
54308 116.63  41.20  735    4
54518 116.40  39.17    8   12
54705 115.38  37.37   27   15
59485 113.40  22.50   33   20
59462 111.60  22.70   60   21
51241  83.60  45.93 1077  -10
51777  88.17  39.03  887   -1
51433  82.52  43.80 1105   -7
51330  81.02  44.97 1357   -3
53602 105.67  38.83 1561    2
59209 105.83  23.42  794   18
50774 128.83  47.70  264  -16
50873 130.30  46.78   82  -11
50788 131.98  47.23   66  -12
57494 114.05  30.60   23   18
57614 106.22  28.33 1180    9
58358 120.43  31.07   16   17
56533  98.67  27.75 1583   19
56548  99.28  27.17 2326   17
56748  99.18  25.12 1652   18
53817 106.27  36.00 1753    5
57523 107.73  29.85  290    7
56202  93.28  30.67 4488    4
56691 104.28  26.87 2237   16
58705 115.42  27.33   85   18
57718 106.73  27.10 1038   12
56312  94.33  29.67 2991   11
55585  90.17  29.43 3809   10
56096 104.92  33.40 1079   10
52652 100.28  39.08 1461   -3
58143 119.85  33.80    4   14
58241 119.45  32.80    5   15
54324 120.43  41.55  174    5
54470 122.07  41.02    5    5
53673 112.72  38.73  828    7
57574 112.40  29.37   36   17
56125  96.47  32.20 3643    9
50973 130.60  45.75  234   -7
50425 120.18  50.25  581  -18
53276 112.90  42.40 1150    0
58506 115.98  29.58 1164   11
57696 114.78  28.40   91   18
57598 114.58  29.03  146   19
58600 115.37  28.87   78   18
53898 114.40  36.05   62   17
50639 122.73  48.00  306  -11
53149 110.13  42.53 1225    1
53725 107.58  37.58 1360    6
53754 110.22  37.50  929    5
53942 109.42  35.77 1155    7
53738 108.17  36.92 1331    7
59116 116.70  24.33   81   22
59228 107.58  23.32  108   21
58734 118.12  27.33  196   16
58730 118.03  27.77  222   18
52101  93.05  43.60 1677   -6
54497 124.33  40.05   13    5
54579 122.58  39.27   35    9
56985 103.38  23.38 1300   18
56991 104.33  23.62 1561   17
58251 120.28  32.85    3   15
57926 107.88  25.42  428   20
57729 107.88  27.23  622   14
56475 102.52  28.65 1659   12
57297 114.05  32.13  114   19
54094 129.60  44.57  241   -7
58457 120.17  30.23   41   17
58477 122.10  30.03   35   18
58818 116.63  26.23  358   20
57278 112.08  32.00  163   14
56357 100.30  29.05 3727    9
55690  91.95  27.98 4280    2
53975 112.40  35.48  659   13
54134 121.28  43.60  241   -3
53083 114.15  44.62 1181   -3
54026 120.90  44.57  265   -5
57482 113.95  30.90   25   17
57874 112.40  26.42  116   18
51469  87.18  43.45 1930   -3
54842 120.00  36.78   62   12
59501 115.37  22.80   16   21
57077 111.65  33.78  742   16
57493 114.33  30.35   73   17
57573 112.90  29.83   30   19
52424  95.78  40.53 1170   -4
52447  98.88  40.00 1270   -2
53923 107.63  35.73 1421    6
57789 113.95  27.13  194   18
58715 116.65  27.58   80   17
57889 113.95  26.08  835   19
57758 110.58  27.07  323   18
51656  86.13  41.75  931   -5
57707 105.28  27.30 1510   12
57545 109.42  29.53  502   14
58718 116.53  27.22  111   18
51633  81.90  41.78 1229   -6
57051 111.20  34.80  409   12
54349 124.13  41.30  258    1
54266 125.63  42.53  340   -4
54186 128.20  43.37  524   -7
54286 129.00  42.53  475   -5
54374 126.88  41.80  379   -3
55569  87.60  29.08 4000    8
57256 110.78  32.65  286   17
52889 103.88  36.05 1517    1
52681 103.08  38.63 1367    2
53821 107.30  36.57 1255    6
52633  98.42  38.82 3367   -7
56004  92.43  34.22 4533   -2
52818  94.92  36.42 2807   -5
57866 111.62  26.23  172   18
59453 110.12  22.67  121   21
59254 110.08  23.40   42   20
53578 112.43  39.37 1114    7
58843 120.02  26.88   56   15
56137  97.17  31.15 3315   13
55680  89.60  28.92 4040    9
56317  94.22  29.22 2950    9
59037 108.10  23.93  170   21
52955 100.73  35.58 3120    4
57803 106.02  27.03 1231   13
53564 111.15  39.38  861    4
50945 124.27  45.50  137   -8
54161 125.22  43.90  236   -7
54165 125.63  43.55  219   -7
54429 117.95  40.20   54   10
51358  85.82  44.28  468  -11
51437  81.13  43.15 1851  -11
54776 122.70  37.40   47   11
57912 106.63  26.13  990   14
57251 110.42  33.00  249   17
59271 112.43  23.63   57   21
56074 102.08  34.00 3471    5
52674 101.97  38.23 1976    0
52446  99.52  40.30 1177   -1
57857 110.32  26.37  477   18
57752 110.60  27.92  204   16
50888 132.18  46.32   83   -8
54012 117.60  44.58 1001   -8
57071 112.43  34.82  333   15
55591  91.13  29.67 3648   11
59321 117.50  23.78   53   19
58918 116.42  25.05  198   21
56664 101.27  26.63 1230   23
56739  98.50  25.02 1654   17
58102 115.77  33.87   37   16
58326 117.83  31.58   30   17
58338 118.58  31.15   17   18
51810  77.63  38.92 1178    0
55299  92.07  31.48 4507    2
57259 110.77  32.03  426   16
57845 109.78  26.17  397   18
56671 102.25  26.65 1787   20
57922 107.55  25.83 1013   15
56374 101.97  30.05 2615    6
56196 104.73  31.45  522    5
57503 105.12  29.62  349    6
57731 108.25  27.95  416   10
59134 118.07  24.48  139   20
59838 108.62  19.10    7   21
59954 110.03  18.55   35   23
53068 111.93  43.63  963    2
53651 110.47  38.82 1098    4
57046 110.08  34.48 2064    5
53646 109.78  38.27 1157    5
57238 107.90  32.53  693   12
58606 115.92  28.60   46   17
59632 108.62  21.95    4   22
51811  77.27  38.43 1231   -1
51705  75.25  39.72 2175    3
51931  81.65  36.85 1422    2
56152 100.33  32.28 3893    7
54452 119.82  40.80  365    7
54454 120.30  40.33   29   10
54584 122.95  39.72   34    8
57355 110.37  31.03  334   13
59107 115.28  24.12  179   20
59082 113.60  24.67  121   19
56046  99.65  33.75 3967    5
55589  90.98  29.30 3555   13
54102 116.12  43.95 1003   -4
53336 108.52  41.57 1288    1
57106 106.15  33.32  794   11
54725 117.53  37.50   11   12
58754 120.20  27.33   36   19
59985 111.62  16.53    4   26
59855 110.47  19.23   24   23
51704  76.17  39.72 1298   -2
56462 101.50  29.00 2925   16
56079 102.97  33.58 3441    9
56459 101.27  27.93 2426   18
56167 101.12  30.98 2957   14
50468 127.45  50.25  166  -17
57439 108.93  30.28 1074   12
51156  85.72  46.78 1291   -4
58847 119.28  26.08   84   19
58130 117.95  33.93   23   15
58141 118.93  33.63   12   14
54471 122.17  40.65    3    5
54049 123.97  44.25  188   -7
55437  81.25  30.28 3900    2
57536 108.78  29.53  607   13
57432 108.40  30.77  186    9
57517 106.25  29.28  261    7
52895 104.68  36.57 1398    0
54764 121.23  37.48   53   12
57052 110.45  34.88  354   10
57805 105.77  26.68 1319   12
57806 105.90  26.25 1431    9
52943  99.98  35.58 3323    3
57554 110.17  29.40  322   17
57671 112.37  28.85   37   17
57902 105.18  25.43 1378   13
58034 118.32  34.60   36   14
53772 112.58  37.62  776    9
53868 111.50  36.07  449   11
53764 111.10  37.50  950    5
50834 121.22  46.60  499  -11
54292 129.50  42.87  257   -4
57328 107.50  31.20  344    5
54311 117.77  41.97  892    1
53399 114.70  41.15 1393    0
53593 114.57  39.83  909    6
53698 114.35  38.07  103   15
54436 118.95  40.42  254    8
57996 114.25  25.08  149   20
59293 114.73  23.80   70   20
59072 112.37  24.80  131   19
59304 115.18  23.63  176   22
51379  89.57  44.02  793  -13
51711  78.45  40.93 1985   -6
50527 119.70  49.25  649  -19
59065 111.50  24.42  148   19
50983 132.97  45.77  100   -7
54945 119.53  35.43   36   14
57083 113.65  34.72  110   16
57156 111.50  33.30  250   18
57178 112.58  33.03  129   15
53986 113.88  35.32   73   17
58345 119.48  31.43    5   17
58343 119.98  31.88    4   16
56543  99.70  27.83 3276    9
53615 106.70  38.80 1101    6
53704 105.18  37.53 1225    3
53810 105.90  36.97 1339    2
58015 116.33  34.45   44   15
57512 106.28  29.97  230    6
54096 131.17  44.38  567   -8
50246 124.72  52.35  361  -18
55696  92.47  28.42 3860   10
57840 109.20  26.90  401   17
57089 113.93  34.07   67   17
58111 116.45  33.97   32   16
59981 112.33  16.83    4   25
57581 113.45  29.82   27   17
53853 110.95  36.70 1052    7
53877 112.25  36.17  860    9
50656 126.50  48.27  277  -18
56247  99.10  30.00 2589   16
57206 105.85  32.43  513    6
58626 117.25  28.32   60   17
58813 116.33  26.85  143   18
58208 115.62  32.17   42   18
58737 118.32  27.05  154   17
53854 110.07  36.58  804    9
53955 110.45  35.47  458   11
57134 107.98  33.52  827   13
57211 106.25  32.83  836   10
57232 108.27  33.05  484   14
57049 109.73  34.52  341   11
58921 117.35  25.97  206   18
52112  95.13  43.77  479   -3
51133  83.00  46.73  534  -10
58448 119.70  30.22  117   18
54326 119.70  41.38  422    4
54472 122.72  40.88   25    4
54493 124.78  40.72  260    1
54660 121.23  38.82   66    9
54662 121.63  38.90   91    9
50745 123.92  47.38  147  -12
56946  99.40  23.55 1104   24
57932 108.53  25.97  285   19
57974 112.37  25.58  214   18
50548 123.72  49.20  286  -13
57124 106.93  33.63 1032   11
58622 117.58  28.95   88   17
59446 109.30  22.42   66   22
59849 109.83  19.03  250   24
57712 106.95  27.73  983   11
57825 107.98  26.60  720   16
56571 102.27  27.90 1590   18
57359 110.73  31.35  336   14
54406 115.97  40.45  487    7
51087  89.52  46.98  807  -11
54863 121.18  36.78   40   12
58225 117.67  32.53   69   16
54563 122.02  39.63  118    8
55664  87.08  28.63 4300    5
54063 126.00  44.97  196  -11
54142 123.53  43.50  114   -4
56342  98.60  29.68 3870    8
57461 111.30  30.70  133   16
53529 107.97  39.08 1381    3
54218 118.83  42.30  668    1
58806 116.02  26.48  209   19
58637 117.98  28.45  118   19
54909 115.52  35.08   51   15
59626 107.97  21.53   21   21
56586 103.72  27.35 1949    9
59007 105.07  24.07 1249   20
53968 111.67  35.28  505   12
53614 106.20  38.47 1110    4
53910 106.20  35.67 2841   -1
54334 121.25  41.52   74    4
57067 111.03  34.05  568   14
52765 101.62  37.38 2850   -7
55773  89.08  27.73 4300    3
55593  91.73  29.85 3804   11
59294 113.83  23.33   30   21
52418  94.68  40.15 1139   -3
57682 113.57  28.72  106   19
57841 109.67  26.57  320   18
50968 127.97  45.22  189   -9
53543 109.98  39.83 1461    3
57411 106.10  30.78  309    5
57710 106.40  27.80  890    9
53588 113.52  38.95 2208   -3
57957 110.30  25.32  164   18
57799 114.92  27.05   71   17
57896 114.50  26.33  126   18
53845 109.45  36.58 1180    6
57034 108.22  34.25  447   11
57245 109.03  32.72  290   12
59211 106.60  23.90  174   19
51709  75.98  39.47 1289   -3
51467  86.33  42.77 1732   -3
51581  90.23  42.85  398   -5
51059  85.87  47.43  984   -7
58646 119.92  28.45   59   17
58760 121.15  27.83   68   17
56838  97.85  24.00  762   23
56959 100.78  22.00  582   24
56977 101.85  22.58 1120   20
56986 103.68  22.98 1414   12
59488 113.57  22.28   51   20
52657 100.25  38.18 2787   -6
52602  93.33  38.75 2770   -4
50618 118.27  48.22  642  -17
57143 109.97  33.87  742   14
58464 121.08  30.62    5   16
58911 116.37  25.85  310   20
54525 117.28  39.73    5   11
52679 102.67  37.92 1531    2
57910 106.08  25.77 1197   13
56287 103.00  29.98  627    7
55228  80.08  32.50 4278   -3
54226 120.70  42.33  400    0
57595 114.50  29.60   76   18
54715 116.57  37.32   18   13
59431 108.22  22.63  121   21
59758 110.25  20.00   63   20
56146 100.00  31.62 3393   11
56793 104.47  25.72 1800   20
50557 125.23  49.17  242  -16
50953 126.57  45.93  118  -14
59647 109.10  21.03   55   20
59631 108.35  21.78   32   22
52707  93.68  36.80 2767   -3
57761 111.30  27.75  211   19
57906 106.08  25.18  566   19
54285 128.12  42.42  721   -8
56492 104.60  28.80  340    7
53798 114.50  37.07   77   17
54401 114.92  40.77  772    6
54539 118.88  39.43   10   11
59658 110.30  21.15   53   21
54236 122.55  42.38   79    1
54339 123.00  41.08   77    3
59087 113.52  23.88   97   21
51495  91.73  43.22  721   -6
52118  94.70  43.27 1728   -4
51076  88.08  47.73  735  -14
51365  87.53  44.20  440  -16
51238  82.07  44.90  531   -8
51716  78.57  39.80 1116   -1
53513 107.37  40.73 1041    3
59265 111.30  23.48  114   20
50854 125.32  46.38  149  -13
59126 117.65  24.50   28   20
58820 117.17  26.90  342   19
59113 116.72  24.73  226   21
58135 118.22  33.48   16   15
56684 103.28  26.42 2110   17
51655  86.27  41.35  884   -3
59046 109.40  24.35   96   20
57947 109.40  25.22  121   19
54276 126.80  42.40  570   -7
56228  96.92  30.05 3260   12
55578  88.88  29.25 3836    8
56093 104.02  34.43 2315    7
52546  99.83  39.37 1332   -2
52876 102.83  36.33 1813    2
54342 123.52  41.73   49    2
54808 115.63  36.23   37   15
53884 113.03  36.52  877   10
56251 100.32  30.93 3000   11
57625 107.45  28.55  679    7
50963 128.73  45.97  108  -13
52868 101.43  36.03 2237    4
57662 111.68  29.12  150   18
57907 104.90  25.08 1299   13
56693 104.87  26.58 1815   10
57839 109.15  26.23  568   18
56080 102.90  35.00 2910    8
54774 122.13  37.47   65   11
53859 110.67  36.10  851    9
50727 119.93  47.17  997  -21
56385 103.33  29.52 3047    3
56038  98.10  32.98 4200    3
54534 118.10  39.65   23   11
54618 116.55  38.08   13   13
59478 112.78  22.25   32   21
57014 105.87  34.57 1085    7
51639  82.78  41.23  980   -2
51828  79.93  37.13 1375    0
57722 107.47  27.77  792   10
52856 100.62  36.27 2835    1
52836  98.10  36.30 3189   -1
56386 103.75  29.57  424    7
52576 101.68  39.22 1510    0
50603 116.82  48.67  554  -14
54213 119.02  42.93  634   -1
58543 119.02  29.62  171   15
58553 120.82  30.05    6   18
58556 120.82  29.60  104   16
57458 110.67  30.20  619   19
54416 116.87  40.38   71   11
56307  92.58  29.15 3260   12
50853 126.97  46.62  179  -17
53362 111.68  41.53 1490    0
52313  94.67  41.53 1573   -7
51470  88.12  43.88 1942   -5
53391 114.00  41.90 1482   -2
57476 112.15  30.35   31   17
57447 109.47  30.28  457   13
58150 120.25  33.77    2   14
58356 121.00  31.40    3   16
56651 100.22  26.85 2380   17
53903 105.72  35.97 1916    5
54476 122.15  40.17   20    6
50955 126.30  45.38  166  -13
52884 103.95  36.35 1668    0
58362 121.45  31.40    5   16
57395 114.12  31.57   74   18
55572  89.10  29.68 4000    8
50434 121.68  50.48  732  -18
54727 117.55  36.68  121   13
59456 110.93  22.35  141   22
54365 125.35  41.28  245    0
58047 119.23  34.25    4   14
58265 121.60  32.07    3   15
52983 104.15  35.87 1874    0
52996 105.02  35.38 2450   -1
52661 101.08  38.80 1765   -4
57779 113.35  27.00  102   19
57972 113.03  25.80  184   19
57679 112.78  28.12  115   18
51060  86.87  47.70  473  -13
56768 101.55  25.03 1824   18
56778 102.65  25.00 1888   19
57604 105.38  28.78  368    6
54528 117.13  39.23    3   13
58215 116.78  32.43   25   17
57144 109.15  33.43  693   14
57037 108.98  34.93  710   11
57048 108.72  34.40  472   12
54527 117.05  39.08    3   12
59287 113.48  23.22   70   21
59493 114.00  22.53   63   22
59058 110.52  24.20  145   19
58936 118.70  25.37   77   21
58931 118.10  25.72 1653   12
51720  79.05  40.50 1161   -3
51818  78.28  37.62 1375    0
58549 119.65  29.12   62   17
58652 120.72  28.87   83   19
54337 121.12  41.13   65    6
54353 125.05  41.73  328   -1
50756 126.97  47.45  239  -17
56856 100.87  24.47 1162   22
58500 115.20  29.85   45   18
51642  84.27  41.82  982   -4
