diamond  3 2014年01月06日02时最高温度                        
  14  01  06  02 1000 1 35 1 0 0 1  831
56067 101.48  33.43 3628    6
56969 101.58  21.47  633   27
58846 119.52  26.67   32   14
58834 118.17  26.63  152   17
57832 108.67  26.97  626   12
54929 117.97  35.27  121    7
51367  86.82  44.13  522   -7
51186  90.38  46.67 1218  -10
54135 122.27  43.60  178   -4
50136 122.52  52.97  433  -21
58531 118.28  29.72  142   15
59218 106.42  23.13  739   19
59023 108.03  24.70  260   18
56786 103.83  25.58 1898   18
56875 102.55  24.33 1716   18
53929 107.80  35.20 1206    5
57343 109.53  31.90  995   11
58255 120.57  32.37    6   11
58259 120.98  32.08    4   10
58354 120.35  31.62    3   13
57584 113.08  29.38   53   17
57673 112.88  28.68   53   19
57780 113.17  27.87   74   18
58608 115.55  28.07   30   16
50514 117.32  49.58  661  -19
57181 113.05  33.88  136   11
58005 115.67  34.45   50    6
57516 106.47  29.58  259    9
57774 112.17  27.45  100   17
50978 130.92  45.30  272  -12
53775 112.53  37.43  781    6
58236 118.25  32.35   33   12
58424 116.97  30.62   62   15
58634 118.25  28.68  116   15
53463 111.57  40.85 1153   -1
53502 105.75  39.78 1031    1
53192 114.95  44.02 1126   -8
52866 101.75  36.73 2295    3
56029  96.97  33.00 3716    6
56173 102.55  32.80 3491    8
56666 101.72  26.58 1224   21
59417 106.85  22.33  128   22
59278 112.45  23.03   41   19
58402 115.67  30.73  123   17
57655 110.40  28.47  151   12
57649 109.68  28.23  254    9
51886  90.85  38.25 2944   -5
57520 107.07  29.83  377    6
50658 125.88  48.05  236  -22
57348 109.53  31.02  299    8
58321 117.30  31.78   27   14
58429 117.85  30.98   11   15
53863 111.92  37.03  743    6
53446 109.88  40.53 1004    0
57687 112.92  28.22   68   18
57399 114.95  31.13   74   17
52825  96.43  36.43 2790    0
58725 117.47  27.33  218   17
54511 116.47  39.80   31    6
50442 124.12  50.40  371  -14
52203  93.52  42.82  737   -3
51463  87.65  43.78  935   -8
54449 119.52  39.85    2    1
54602 115.48  38.73   16    7
54624 117.32  38.40    4    6
57502 105.70  29.70  394    7
56331  97.83  29.67 3780    6
56128  96.60  31.22 3810    6
56434  97.47  28.65 2327   14
56021  95.80  34.12 4175   -1
57745 109.68  27.45  272   11
57358 110.97  30.83  295   11
53478 112.45  40.00 1345    1
54843 119.20  36.75   22    6
54751 120.73  37.93   39    4
54836 118.17  36.18  305    7
54335 122.08  41.68   37   -4
54027 119.40  43.98  486   -5
50915 116.97  45.52  838  -11
50742 124.48  47.80  162  -16
52984 103.18  35.58 1917    3
59298 114.37  23.07  108   20
59303 115.75  23.92  135   19
59754 110.18  20.33   55   22
57426 107.80  30.68  454    7
56643  98.85  25.87  949   23
56886 103.77  24.53 1704   19
56951 100.08  23.88 1502   22
56966 101.98  23.60  400   27
58040 119.13  34.85    5    8
57445 109.72  30.60  609    6
57894 114.17  26.58  843   14
56485 103.58  28.27 1255   11
57237 108.03  32.07  674    9
57127 107.03  33.07  509    6
57154 110.90  33.53  523   10
59280 113.08  23.72   79   20
54254 124.05  42.53   98   -5
54243 124.12  42.78  165   -6
50838 122.05  46.08  274   -4
53231 106.38  41.45 1510    1
54208 116.47  42.18 1245   -5
51747  83.67  39.00 1099   -3
51730  81.27  40.55 1012    0
51644  82.97  41.72 1081   -2
59021 107.03  24.55  509   20
58450 120.05  30.87    7   12
58666 121.90  28.45   86    9
58742 119.55  28.12  163   16
58562 121.55  29.78    5   11
58569 121.95  29.20  128   10
58731 118.53  27.92  276   17
54284 127.50  42.15  774   -7
54377 126.22  41.15  225   -4
58221 117.30  32.85   26   13
53612 106.18  37.98 1128    4
59133 118.92  24.90   21   15
51855  85.55  38.15 1247   -1
53487 113.42  40.08 1052    1
59673 112.77  21.73   21   19
57285 113.42  32.38  153   15
54753 120.33  37.63    4    4
51628  80.23  41.17 1103   -2
56751 100.18  25.70 1990   18
58238 118.90  31.93   35   11
58026 118.02  34.40   25    9
58027 117.15  34.28   41    8
59117 116.07  24.28  116   20
59088 113.42  24.18   74   19
54195 129.78  43.30  244   -9
57306 105.97  31.58  382    8
57608 105.43  28.17  377   10
50564 127.35  49.43  234  -19
50739 123.18  47.33  190   -9
57030 108.15  34.70  994    5
54333 122.85  41.97   30   -2
56227  95.77  29.87 2736    8
51567  86.57  42.08 1055   -7
51288  90.53  45.37 1653  -10
51346  84.67  44.43  478  -10
51839  82.72  37.07 1409    0
54857 120.33  36.07   76    6
58557 120.08  29.33   90   14
58633 118.90  29.00   82   15
58667 121.27  28.08   95   11
58467 121.27  30.20    4   11
58752 120.65  27.78   39   14
58038 118.78  34.08   10   10
58744 119.42  27.45  815   12
58933 118.98  26.92  869   14
58927 117.02  25.05  376   20
50948 124.02  45.00  146   -7
54260 125.08  42.92  252   -7
52787 102.87  37.20 3045    0
58314 116.32  31.40   86   17
58336 118.57  31.70   80   14
58414 116.32  30.43  105   15
58436 118.98  30.62   87   16
53723 107.38  37.80 1349    7
53806 105.65  36.57 1854    7
57606 106.83  28.13  972   11
57827 107.53  26.32  969   15
51431  81.33  43.95  662   -2
51701  75.40  40.52 3504  -12
57483 113.13  30.67   31   16
52495 104.80  40.17 1323    4
50950 125.25  45.70  148   -9
58122 116.98  33.63   25    9
58319 116.95  31.07   85   15
58419 117.02  30.10   17   15
57091 114.30  34.78   73    9
59242 109.23  23.75   84   21
56954  99.93  22.57 1054   25
58252 119.47  32.18   27   12
57562 111.37  29.58  116   14
57669 111.22  28.38  128   15
52737  97.38  37.37 2981   -2
52713  95.35  37.85 3173   -3
58507 115.12  29.25  116   13
53480 113.07  41.03 1419   -1
52323  97.03  41.80 1770   -3
53594 114.18  39.45  938    4
53787 112.98  37.07 1041    7
54826 117.10  36.25 1533    0
57993 115.00  25.87  137   17
54523 117.02  39.38    4    7
52908  93.08  35.22 4612   -6
53740 109.23  37.93 1111    6
57749 110.00  27.57  257   11
56033  98.22  34.92 4272   -4
57265 111.73  32.43  132   12
57405 105.55  30.50  355    8
51243  84.85  45.62  449  -12
57003 106.83  34.90  924    6
57025 107.38  34.52  781    5
57028 107.32  34.03 1543    4
54423 117.92  40.97  422    3
50758 125.90  47.18  246  -15
56109  93.78  31.48 3940    6
56106  93.78  31.88 4022    4
54064 125.15  44.38  170   -9
54171 126.52  43.70  229   -8
54363 125.90  41.68  402   -4
59096 114.48  24.37  214   20
59306 115.85  23.45   80   20
56792 104.97  25.78 1649   20
52436  97.03  40.27 1526   -2
53963 111.37  35.65  433   10
53959 111.05  35.05  365   14
53882 113.07  36.05  991    7
56178 102.35  31.00 2438    7
54455 120.65  40.62   20    0
53519 106.77  39.22 1092    5
53705 105.68  37.48 1183    5
56763 101.87  25.73 1120   26
57872 112.60  26.90  104   17
57642 109.63  28.70  325    8
57853 110.63  26.73  341   12
59948 109.58  18.22  419   21
53663 111.82  38.92 1401    4
53664 111.13  38.47 1012    4
59102 115.65  24.95  303   20
53352 110.43  41.70 1376   -1
53195 113.63  43.85 1036   -5
52267 101.07  41.95  940   -2
57193 114.52  33.78   52   12
57583 113.97  29.92   61   16
57776 112.70  27.30 1265   11
50862 127.98  46.98  206  -18
53915 106.67  35.55 1346    4
58437 118.15  30.13 1840    4
58519 116.68  29.00   40   14
52974 102.02  35.52 2491    0
56964 100.97  22.78 1302   21
50877 129.58  46.30  100  -13
52533  98.48  39.77 1477   -1
57741 109.18  27.72  282   11
56034  97.13  33.80 4415   -1
57633 108.77  28.82  826    8
57793 114.38  27.80  131   16
54823 117.00  36.60  170    6
55493  91.10  30.48 4200    5
50844 123.45  46.40  138   -8
54623 117.72  39.05    4    5
56151 100.75  32.93 3530    7
52645  99.58  38.42 3320   -6
50632 121.92  48.77  739  -10
52378 102.37  41.37  960    1
51334  82.90  44.60  318   -9
51053  86.40  48.05  532  -13
54346 123.78  41.32  185   -3
54351 124.08  41.92  118   -1
54606 115.73  38.23   19    7
59289 113.73  22.97   56   20
59317 116.30  23.03   14   19
56018  95.28  32.88 4066    2
55279  90.02  31.38 4700   -2
55294  91.10  32.35 4800   -4
55248  84.42  32.15 4414   -4
55681  90.40  28.97 4431    4
54273 126.75  42.98  263   -9
57916 106.77  25.43  440   21
52986 103.87  35.37 1893    1
56043 100.23  34.48 3719    3
56187 103.87  30.75  547   11
57381 113.33  31.62  116   16
54744 118.55  37.58    8    6
57313 106.77  31.87  417    7
59845 109.58  19.52  169   24
50247 123.57  52.03  514  -20
59664 110.98  21.53   31   21
57647 109.18  28.15  406   10
57290 114.02  33.00   82   12
51477  88.32  43.35 1103   -8
51232  82.57  45.18  336   -6
51068  87.47  47.12  500  -14
51526  88.22  42.23  922   -6
58138 118.52  32.98   40   13
58158 120.48  33.20    3    9
54259 124.92  42.10  237   -1
58527 117.20  29.30   61   16
56479 102.85  28.00 2132    9
50349 124.40  51.67  501  -17
53735 108.80  37.62 1336    7
53948 109.58  34.95  499    8
57131 108.97  34.43  410    6
59097 114.20  24.05  198   20
59092 114.82  24.92  206   19
52833  98.48  36.93 2950   -4
52754 100.13  37.33 3301   -7
56065 101.60  34.73 3500    0
58944 119.78  25.52   32   14
58926 117.42  25.30  205   20
54237 121.75  42.07  167   -4
54486 123.28  40.28   79   -2
57612 106.65  29.00  474    7
55655  85.97  28.18 3810    1
51804  75.23  37.77 3090   -5
51573  89.20  42.93   34   -5
54916 116.85  35.57   51    8
58472 122.45  30.73   79    9
58665 121.42  28.62    4   12
58837 118.15  26.17  137   17
50936 122.83  45.63  155   -5
54041 123.07  44.80  150   -6
54263 126.05  42.97  336   -7
58203 115.73  32.87   32   14
58520 117.72  29.85  142   17
55472  88.63  30.95 4672   -1
51542  84.15  43.03 2458  -21
52797 104.05  37.18 1630    5
57279 112.75  32.15  125   15
58407 115.03  30.23   32   15
57378 112.57  31.17   65   16
56182 103.60  32.67 2881    7
56257 100.27  30.00 3948    7
59316 116.68  23.40    2   18
59663 111.97  21.83   89   21
53687 113.63  37.78  753    6
50353 126.63  51.73  173  -26
58118 116.52  33.27   26   12
58311 116.50  31.73   74   16
56444  98.92  28.48 3319    8
56144  98.58  31.80 3184   11
56223  95.83  30.75 3640    5
51765  87.70  40.63  846   -1
57696 114.78  28.40   91   16
59644 109.13  21.45   12   22
57718 106.73  27.10 1038   12
57816 106.73  26.58 1223   12
57574 112.40  29.37   36   17
56172 102.23  31.90 2664   11
52424  95.78  40.53 1170   -2
53923 107.63  35.73 1421    5
59324 117.03  23.43    7   18
58715 116.65  27.58   80   17
56096 104.92  33.40 1079   10
55585  90.17  29.43 3809    8
56312  94.33  29.67 2991    5
57493 114.33  30.35   73   15
54842 120.00  36.78   62    6
57297 114.05  32.13  114   14
56188 103.67  31.00  698   11
51656  86.13  41.75  931   -4
53738 108.17  36.92 1331    7
54518 116.40  39.17    8    7
54705 115.38  37.37   27    8
57523 107.73  29.85  290    8
56116  95.60  31.42 3873    5
55690  91.95  27.98 4280    1
50949 124.87  45.08  136   -8
54181 127.33  43.70  295  -14
54386 128.18  41.42  775  -12
57707 105.28  27.30 1510    8
56691 104.28  26.87 2237   16
56125  96.47  32.20 3643    7
57758 110.58  27.07  323   13
54134 121.28  43.60  241   -5
59116 116.70  24.33   81   21
56533  98.67  27.75 1583   19
56985 103.38  23.38 1300   18
56991 104.33  23.62 1561   17
58143 119.85  33.80    4    9
54470 122.07  41.02    5   -4
54324 120.43  41.55  174   -3
56565 101.52  27.43 2545   14
56357 100.30  29.05 3727    9
57573 112.90  29.83   30   18
54094 129.60  44.57  241  -16
50873 130.30  46.78   82  -14
53725 107.58  37.58 1360    8
53754 110.22  37.50  929    6
53942 109.42  35.77 1155    6
59462 111.60  22.70   60   21
59501 115.37  22.80   16   19
54497 124.33  40.05   13   -2
54579 122.58  39.27   35    4
57729 107.88  27.23  622   15
53083 114.15  44.62 1181  -10
54026 120.90  44.57  265   -1
50425 120.18  50.25  581  -17
51433  82.52  43.80 1105   -4
59209 105.83  23.42  794   17
59228 107.58  23.32  108   21
58457 120.17  30.23   41   13
58477 122.10  30.03   35   11
58358 120.43  31.07   16   11
58730 118.03  27.77  222   17
54157 124.33  43.17  165   -6
57077 111.65  33.78  742   11
53817 106.27  36.00 1753    4
57598 114.58  29.03  146   17
58600 115.37  28.87   78   17
53898 114.40  36.05   62    7
56748  99.18  25.12 1652   18
58818 116.63  26.23  358   18
58734 118.12  27.33  196   16
56202  93.28  30.67 4488    3
57926 107.88  25.42  428   19
57614 106.22  28.33 1180    8
51469  87.18  43.45 1930  -11
52101  93.05  43.60 1677   -8
51241  83.60  45.93 1077  -11
51777  88.17  39.03  887   -2
51330  81.02  44.97 1357  -12
57482 113.95  30.90   25   16
57494 114.05  30.60   23   16
57278 112.08  32.00  163   13
53602 105.67  38.83 1561    7
50639 122.73  48.00  306   -9
53149 110.13  42.53 1225    0
56475 102.52  28.65 1659   12
54308 116.63  41.20  735    2
59485 113.40  22.50   33   21
53975 112.40  35.48  659    8
50774 128.83  47.70  264  -16
50788 131.98  47.23   66  -19
58506 115.98  29.58 1164   10
56548  99.28  27.17 2326   16
58241 119.45  32.80    5   12
58251 120.28  32.85    3   10
57766 111.45  27.18  311   16
57874 112.40  26.42  116   18
57965 111.60  25.53  192   18
53276 112.90  42.40 1150   -1
54115 118.03  43.63  825   -6
57889 113.95  26.08  835   18
50973 130.60  45.75  234  -15
52447  98.88  40.00 1270   -1
52652 100.28  39.08 1461    0
53673 112.72  38.73  828    5
53490 114.05  40.43 1014    0
57789 113.95  27.13  194   19
58705 115.42  27.33   85   17
57545 109.42  29.53  502    6
58606 115.92  28.60   46   15
53564 111.15  39.38  861    2
54349 124.13  41.30  258   -3
58847 119.28  26.08   84   15
59321 117.50  23.78   53   16
57912 106.63  26.13  990   14
57803 106.02  27.03 1231   12
51704  76.17  39.72 1298    2
51437  81.13  43.15 1851   -9
51358  85.82  44.28  468   -9
57439 108.93  30.28 1074    6
54102 116.12  43.95 1003   -8
56462 101.50  29.00 2925   16
59082 113.60  24.67  121   18
58338 118.58  31.15   17   15
57238 107.90  32.53  693   12
59985 111.62  16.53    4   26
56046  99.65  33.75 3967    4
52955 100.73  35.58 3120   -3
50468 127.45  50.25  166  -17
53068 111.93  43.63  963   -2
54012 117.60  44.58 1001   -9
59254 110.08  23.40   42   20
51633  81.90  41.78 1229   -4
57259 110.77  32.03  426   15
57845 109.78  26.17  397   17
53821 107.30  36.57 1255    5
53578 112.43  39.37 1114    3
58326 117.83  31.58   30   14
56374 101.97  30.05 2615    3
58843 120.02  26.88   56   12
59453 110.12  22.67  121   22
59954 110.03  18.55   35   24
59838 108.62  19.10    7   23
51810  77.63  38.92 1178    2
59037 108.10  23.93  170   20
56074 102.08  34.00 3471    1
52674 101.97  38.23 1976    4
59271 112.43  23.63   57   20
55299  92.07  31.48 4507    0
56137  97.17  31.15 3315   12
56671 102.25  26.65 1787   19
57866 111.62  26.23  172   17
57256 110.78  32.65  286   11
54725 117.53  37.50   11    6
57071 112.43  34.82  333    9
56459 101.27  27.93 2426   18
56167 101.12  30.98 2957   14
56079 102.97  33.58 3441    5
58754 120.20  27.33   36   15
53336 108.52  41.57 1288   -3
51705  75.25  39.72 2175    3
51931  81.65  36.85 1422    1
53646 109.78  38.27 1157    3
54429 117.95  40.20   54    6
50888 132.18  46.32   83  -13
56317  94.22  29.22 2950    3
54266 125.63  42.53  340   -7
50945 124.27  45.50  137   -6
54161 125.22  43.90  236   -8
54165 125.63  43.55  219   -9
54186 128.20  43.37  524   -7
54286 129.00  42.53  475   -6
54374 126.88  41.80  379   -7
57731 108.25  27.95  416   12
57922 107.55  25.83 1013   15
52889 103.88  36.05 1517    3
52446  99.52  40.30 1177    1
52681 103.08  38.63 1367    1
56004  92.43  34.22 4533   -4
52633  98.42  38.82 3367   -4
57752 110.60  27.92  204   12
57857 110.32  26.37  477   14
57251 110.42  33.00  249   12
56196 104.73  31.45  522   12
57051 111.20  34.80  409   12
54454 120.30  40.33   29    0
57355 110.37  31.03  334   10
56664 101.27  26.63 1230   22
56739  98.50  25.02 1654   17
58141 118.93  33.63   12   10
58130 117.95  33.93   23   10
54471 122.17  40.65    3   -3
52818  94.92  36.42 2807   -5
58718 116.53  27.22  111   18
56152 100.33  32.28 3893    6
53651 110.47  38.82 1098    3
57046 110.08  34.48 2064    2
57106 106.15  33.32  794    7
59107 115.28  24.12  179   19
54452 119.82  40.80  365   -1
54584 122.95  39.72   34    0
55680  89.60  28.92 4040    7
55589  90.98  29.30 3555   12
51811  77.27  38.43 1231    4
51156  85.72  46.78 1291   -9
59632 108.62  21.95    4   22
54776 122.70  37.40   47    6
58918 116.42  25.05  198   20
59134 118.07  24.48  139   17
59855 110.47  19.23   24   24
58102 115.77  33.87   37    9
57503 105.12  29.62  349   10
54326 119.70  41.38  422   -2
57211 106.25  32.83  836    7
57232 108.27  33.05  484   10
54472 122.72  40.88   25   -4
54660 121.23  38.82   66    5
54662 121.63  38.90   91    4
57932 108.53  25.97  285   16
52112  95.13  43.77  479   -1
51711  78.45  40.93 1985    3
59446 109.30  22.42   66   22
58448 119.70  30.22  117   14
58345 119.48  31.43    5   13
59293 114.73  23.80   70   20
53877 112.25  36.17  860   10
50745 123.92  47.38  147  -11
57156 111.50  33.30  250   11
53986 113.88  35.32   73   10
57083 113.65  34.72  110   10
57089 113.93  34.07   67   11
59065 111.50  24.42  148   19
56543  99.70  27.83 3276    8
56946  99.40  23.55 1104   24
54406 115.97  40.45  487    4
59981 112.33  16.83    4   26
59849 109.83  19.03  250   23
57554 110.17  29.40  322   11
57974 112.37  25.58  214   18
54292 129.50  42.87  257   -7
58225 117.67  32.53   69   13
53615 106.70  38.80 1101    4
53704 105.18  37.53 1225    5
53810 105.90  36.97 1339    8
57671 112.37  28.85   37   16
52943  99.98  35.58 3323   -3
58626 117.25  28.32   60   15
50834 121.22  46.60  499   -6
58208 115.62  32.17   42   15
57517 106.25  29.28  261    9
57536 108.78  29.53  607    9
50656 126.50  48.27  277  -21
53853 110.95  36.70 1052    9
58015 116.33  34.45   44    4
54764 121.23  37.48   53    7
58034 118.32  34.60   36    9
57206 105.85  32.43  513    8
56247  99.10  30.00 2589   18
58737 118.32  27.05  154   17
57432 108.40  30.77  186    8
55437  81.25  30.28 3900    0
57581 113.45  29.82   27   16
54863 121.18  36.78   40    6
57825 107.98  26.60  720   16
58111 116.45  33.97   32    8
56571 102.27  27.90 1590   20
51133  83.00  46.73  534   -9
53399 114.70  41.15 1393   -3
53593 114.57  39.83  909    2
53698 114.35  38.07  103    8
54405 115.50  40.42  570    3
54436 118.95  40.42  254    2
54096 131.17  44.38  567  -12
50246 124.72  52.35  361  -18
57512 106.28  29.97  230    7
55696  92.47  28.42 3860    8
54049 123.97  44.25  188   -7
57805 105.77  26.68 1319   12
57806 105.90  26.25 1431   14
57902 105.18  25.43 1378   19
57840 109.20  26.90  401   13
52895 104.68  36.57 1398    2
53868 111.50  36.07  449   11
57052 110.45  34.88  354    9
53772 112.58  37.62  776    7
53764 111.10  37.50  950    7
54493 124.78  40.72  260   -3
57359 110.73  31.35  336   12
57996 114.25  25.08  149   18
57178 112.58  33.03  129   12
51379  89.57  44.02  793   -8
58343 119.98  31.88    4   12
54563 122.02  39.63  118    0
58622 117.58  28.95   88   16
50983 132.97  45.77  100  -14
53854 110.07  36.58  804    7
53955 110.45  35.47  458    8
57049 109.73  34.52  341    7
57124 106.93  33.63 1032    6
57134 107.98  33.52  827    9
58813 116.33  26.85  143   17
58921 117.35  25.97  206   18
55664  87.08  28.63 4300    3
57712 106.95  27.73  983   12
54945 119.53  35.43   36    8
51087  89.52  46.98  807   -9
50548 123.72  49.20  286  -15
50527 119.70  49.25  649  -14
57328 107.50  31.20  344    7
54311 117.77  41.97  892   -2
59072 112.37  24.80  131   19
59304 115.18  23.63  176   21
56959 100.78  22.00  582   27
54236 122.55  42.38   79   -2
54339 123.00  41.08   77   -3
56287 103.00  29.98  627   12
53845 109.45  36.58 1180    6
57143 109.97  33.87  742    9
57245 109.03  32.72  290   11
50618 118.27  48.22  642  -10
51581  90.23  42.85  398   -4
51467  86.33  42.77 1732   -1
51709  75.98  39.47 1289    1
51716  78.57  39.80 1116    0
59265 111.30  23.48  114   19
58464 121.08  30.62    5    9
58760 121.15  27.83   68   12
58646 119.92  28.45   59   15
58135 118.22  33.48   16   12
59126 117.65  24.50   28   18
58820 117.17  26.90  342   18
59113 116.72  24.73  226   20
58911 116.37  25.85  310   20
52679 102.67  37.92 1531    2
53614 106.20  38.47 1110    2
53910 106.20  35.67 2841   -2
52602  93.33  38.75 2770   -5
55773  89.08  27.73 4300    2
55228  80.08  32.50 4278   -7
54525 117.28  39.73    5    7
57910 106.08  25.77 1197   16
54715 116.57  37.32   18    7
51495  91.73  43.22  721    0
53513 107.37  40.73 1041    1
54226 120.70  42.33  400   -6
59658 110.30  21.15   53   20
59488 113.57  22.28   51   20
59087 113.52  23.88   97   20
56684 103.28  26.42 2110   15
56977 101.85  22.58 1120   20
56986 103.68  22.98 1414   14
57896 114.50  26.33  126   18
53543 109.98  39.83 1461    1
59211 106.60  23.90  174   21
59431 108.22  22.63  121   21
57067 111.03  34.05  568   10
57682 113.57  28.72  106   19
50968 127.97  45.22  189  -14
50953 126.57  45.93  118  -12
53588 113.52  38.95 2208   -5
58637 117.98  28.45  118   16
57799 114.92  27.05   71   17
58806 116.02  26.48  209   18
54218 118.83  42.30  668   -2
56146 100.00  31.62 3393   11
56586 103.72  27.35 1949   17
59007 105.07  24.07 1249   18
59647 109.10  21.03   55   21
50557 125.23  49.17  242  -20
59626 107.97  21.53   21   21
57947 109.40  25.22  121   18
59046 109.40  24.35   96   20
52657 100.25  38.18 2787   -1
52707  93.68  36.80 2767   -2
52765 101.62  37.38 2850   -5
53529 107.97  39.08 1381    5
57595 114.50  29.60   76   17
56492 104.60  28.80  340   14
59758 110.25  20.00   63   23
51365  87.53  44.20  440  -11
51655  86.27  41.35  884   -2
52118  94.70  43.27 1728   -5
51076  88.08  47.73  735  -14
51238  82.07  44.90  531   -9
57034 108.22  34.25  447    7
53798 114.50  37.07   77    7
54401 114.92  40.77  772    1
54539 118.88  39.43   10    3
56342  98.60  29.68 3870    6
54063 126.00  44.97  196  -12
54142 123.53  43.50  114   -5
54285 128.12  42.42  721   -8
57710 106.40  27.80  890   10
56793 104.47  25.72 1800   19
57906 106.08  25.18  566   21
52418  94.68  40.15 1139    0
57841 109.67  26.57  320   16
57761 111.30  27.75  211   15
57461 111.30  30.70  133   13
53968 111.67  35.28  505   10
57957 110.30  25.32  164   16
59631 108.35  21.78   32   21
54909 115.52  35.08   51    5
57411 106.10  30.78  309    7
54334 121.25  41.52   74   -4
50854 125.32  46.38  149  -11
59294 113.83  23.33   30   21
51059  85.87  47.43  984  -15
56838  97.85  24.00  762   23
53391 114.00  41.90 1482   -3
50603 116.82  48.67  554   -9
56386 103.75  29.57  424   13
50756 126.97  47.45  239  -20
59058 110.52  24.20  145   19
56768 101.55  25.03 1824   18
56856 100.87  24.47 1162   23
58265 121.60  32.07    3    9
57662 111.68  29.12  150   16
50955 126.30  45.38  166  -13
50727 119.93  47.17  997  -13
57395 114.12  31.57   74   18
57972 113.03  25.80  184   21
52884 103.95  36.35 1668    2
53884 113.03  36.52  877    7
53859 110.67  36.10  851    8
52836  98.10  36.30 3189   -3
52876 102.83  36.33 1813    4
55578  88.88  29.25 3836    7
56778 102.65  25.00 1888   18
50963 128.73  45.97  108  -17
57604 105.38  28.78  368   10
56093 104.02  34.43 2315    2
54808 115.63  36.23   37    6
58362 121.45  31.40    5   10
58215 116.78  32.43   25   14
56251 100.32  30.93 3000   14
52661 101.08  38.80 1765   -1
58500 115.20  29.85   45   16
54727 117.55  36.68  121    5
54528 117.13  39.23    3    7
56307  92.58  29.15 3260   11
56385 103.33  29.52 3047    0
54416 116.87  40.38   71    6
54213 119.02  42.93  634   -3
50853 126.97  46.62  179  -15
57048 108.72  34.40  472    6
57037 108.98  34.93  710    8
54337 121.12  41.13   65   -3
54534 118.10  39.65   23    6
54618 116.55  38.08   13    8
59493 114.00  22.53   63   20
59478 112.78  22.25   32   21
56228  96.92  30.05 3260   10
55572  89.10  29.68 4000    7
54342 123.52  41.73   49    3
57907 104.90  25.08 1299   19
57625 107.45  28.55  679    9
52996 105.02  35.38 2450   -2
52546  99.83  39.37 1332   -1
56080 102.90  35.00 2910    0
57779 113.35  27.00  102   19
57679 112.78  28.12  115   17
54774 122.13  37.47   65    5
54476 122.15  40.17   20    0
52576 101.68  39.22 1510    0
52856 100.62  36.27 2835   -3
57014 105.87  34.57 1085    4
59287 113.48  23.22   70   20
59456 110.93  22.35  141   22
51818  78.28  37.62 1375    4
56651 100.22  26.85 2380   16
58047 119.23  34.25    4    9
56038  98.10  32.98 4200    2
57144 109.15  33.43  693   10
54353 125.05  41.73  328   -1
54365 125.35  41.28  245   -4
53362 111.68  41.53 1490    0
50434 121.68  50.48  732  -19
52313  94.67  41.53 1573   -2
58543 119.02  29.62  171   14
58549 119.65  29.12   62   14
58553 120.82  30.05    6   12
58556 120.82  29.60  104   13
58652 120.72  28.87   83   14
58150 120.25  33.77    2    9
58356 121.00  31.40    3   11
58936 118.70  25.37   77   17
58931 118.10  25.72 1653   12
54276 126.80  42.40  570   -6
53903 105.72  35.97 1916    4
57839 109.15  26.23  568   15
56693 104.87  26.58 1815   14
52868 101.43  36.03 2237    1
54527 117.05  39.08    3    7
57722 107.47  27.77  792   12
51639  82.78  41.23  980   -1
51828  79.93  37.13 1375    2
51720  79.05  40.50 1161    0
51642  84.27  41.82  982   -2
51470  88.12  43.88 1942  -12
51060  86.87  47.70  473  -13
52983 104.15  35.87 1874    2
57458 110.67  30.20  619   14
57476 112.15  30.35   31   16
57447 109.47  30.28  457    6
