diamond  3 2014年01月04日02时最高温度                        
  14  01  04  02 1000 1 35 1 0 0 1  831
50136 122.52  52.97  433  -20
50978 130.92  45.30  272  -11
57516 106.47  29.58  259   13
57426 107.80  30.68  454   10
59280 113.08  23.72   79   24
59303 115.75  23.92  135   24
51747  83.67  39.00 1099    0
51644  82.97  41.72 1081   -3
51186  90.38  46.67 1218   -6
53775 112.53  37.43  781    6
53478 112.45  40.00 1345   -1
57655 110.40  28.47  151   17
57584 113.08  29.38   53   16
57673 112.88  28.68   53   16
54751 120.73  37.93   39    6
57358 110.97  30.83  295   16
57181 113.05  33.88  136   13
53502 105.75  39.78 1031    4
53192 114.95  44.02 1126   -5
54135 122.27  43.60  178   -3
53231 106.38  41.45 1510   -4
50915 116.97  45.52  838   -9
54208 116.47  42.18 1245   -3
56485 103.58  28.27 1255   11
51730  81.27  40.55 1012    0
51367  86.82  44.13  522  -16
51855  85.55  38.15 1247    0
54449 119.52  39.85    2    4
54602 115.48  38.73   16    9
54624 117.32  38.40    4    6
54027 119.40  43.98  486   -1
50838 122.05  46.08  274   -6
58450 120.05  30.87    7   17
58666 121.90  28.45   86   16
56786 103.83  25.58 1898   10
56875 102.55  24.33 1716   20
56966 101.98  23.60  400   28
58834 118.17  26.63  152   22
53612 106.18  37.98 1128    6
58221 117.30  32.85   26   13
58424 116.97  30.62   62   15
58531 118.28  29.72  142   17
52984 103.18  35.58 1917    2
57445 109.72  30.60  609   14
52203  93.52  42.82  737   -4
57832 108.67  26.97  626   13
54243 124.12  42.78  165   -6
56643  98.85  25.87  949   22
56886 103.77  24.53 1704   12
56951 100.08  23.88 1502   23
58562 121.55  29.78    5   17
58569 121.95  29.20  128   17
58742 119.55  28.12  163   21
59023 108.03  24.70  260   20
57348 109.53  31.02  299   12
56331  97.83  29.67 3780    7
57399 114.95  31.13   74   15
54843 119.20  36.75   22    6
54929 117.97  35.27  121   13
58846 119.52  26.67   32   20
58731 118.53  27.92  276   19
59133 118.92  24.90   21   20
58725 117.47  27.33  218   19
50658 125.88  48.05  236  -19
50442 124.12  50.40  371  -15
59417 106.85  22.33  128   23
59021 107.03  24.55  509   19
57154 110.90  33.53  523   13
53929 107.80  35.20 1206    6
57127 107.03  33.07  509   13
57343 109.53  31.90  995   12
52825  96.43  36.43 2790   -2
51463  87.65  43.78  935   -1
54511 116.47  39.80   31    9
54284 127.50  42.15  774   -5
54377 126.22  41.15  225    1
57237 108.03  32.07  674   14
58354 120.35  31.62    3   16
59298 114.37  23.07  108   25
59754 110.18  20.33   55   24
56969 101.58  21.47  633   27
59218 106.42  23.13  739   20
56067 101.48  33.43 3628    2
58321 117.30  31.78   27   14
58429 117.85  30.98   11   14
58236 118.25  32.35   33   15
58402 115.67  30.73  123   17
56434  97.47  28.65 2327   13
56173 102.55  32.80 3491    5
54836 118.17  36.18  305   10
59278 112.45  23.03   41   24
57780 113.17  27.87   74   14
58005 115.67  34.45   50   11
52866 101.75  36.73 2295    1
56029  96.97  33.00 3716    3
54254 124.05  42.53   98   -3
54335 122.08  41.68   37    0
56666 101.72  26.58 1224   19
58608 115.55  28.07   30   18
58255 120.57  32.37    6   15
58259 120.98  32.08    4   15
58040 119.13  34.85    5   11
51886  90.85  38.25 2944   -1
56021  95.80  34.12 4175   -5
57520 107.07  29.83  377   11
57502 105.70  29.70  394   14
57687 112.92  28.22   68   15
57774 112.17  27.45  100   16
57745 109.68  27.45  272   15
57649 109.68  28.23  254   16
53863 111.92  37.03  743    8
50742 124.48  47.80  162  -15
53463 111.57  40.85 1153   -2
53446 109.88  40.53 1004    0
58634 118.25  28.68  116   18
56128  96.60  31.22 3810    4
57894 114.17  26.58  843   16
50514 117.32  49.58  661  -14
57669 111.22  28.38  128   16
52436  97.03  40.27 1526   -4
54064 125.15  44.38  170  -11
54171 126.52  43.70  229   -5
54363 125.90  41.68  402   -1
52713  95.35  37.85 3173   -6
52737  97.38  37.37 2981   -5
54455 120.65  40.62   20    3
50950 125.25  45.70  148  -13
56178 102.35  31.00 2438    8
56106  93.78  31.88 4022    2
56227  95.77  29.87 2736   12
56109  93.78  31.48 3940    4
57993 115.00  25.87  137   21
58507 115.12  29.25  116   17
53480 113.07  41.03 1419    0
59117 116.07  24.28  116   23
58252 119.47  32.18   27   15
53723 107.38  37.80 1349    4
56033  98.22  34.92 4272   -9
53963 111.37  35.65  433    9
53959 111.05  35.05  365   10
54826 117.10  36.25 1533    3
56792 104.97  25.78 1649   10
59306 115.85  23.45   80   26
50758 125.90  47.18  246  -20
59096 114.48  24.37  214   24
53787 112.98  37.07 1041    5
53594 114.18  39.45  938    5
52323  97.03  41.80 1770   -6
57562 111.37  29.58  116   16
58933 118.98  26.92  869   17
58927 117.02  25.05  376   23
52495 104.80  40.17 1323    1
57306 105.97  31.58  382    9
58122 116.98  33.63   25   13
58319 116.95  31.07   85   16
58336 118.57  31.70   80   16
58419 117.02  30.10   17   15
59673 112.77  21.73   21   22
54753 120.33  37.63    4    7
54857 120.33  36.07   76    8
51243  84.85  45.62  449  -15
58038 118.78  34.08   10   12
58026 118.02  34.40   25   12
54333 122.85  41.97   30   -1
56751 100.18  25.70 1990   16
58467 121.27  30.20    4   16
58557 120.08  29.33   90   17
58752 120.65  27.78   39   20
54523 117.02  39.38    4    9
54195 129.78  43.30  244   -4
57749 110.00  27.57  257   15
52908  93.08  35.22 4612   -9
53487 113.42  40.08 1052    1
57483 113.13  30.67   31   17
59242 109.23  23.75   84   22
53740 109.23  37.93 1111    4
57003 106.83  34.90  924   11
57025 107.38  34.52  781   11
57028 107.32  34.03 1543    7
57030 108.15  34.70  994   10
51701  75.40  40.52 3504   -7
51628  80.23  41.17 1103   -1
51431  81.33  43.95  662    2
50948 124.02  45.00  146   -9
54260 125.08  42.92  252   -5
57608 105.43  28.17  377   16
58238 118.90  31.93   35   15
58027 117.15  34.28   41   11
59088 113.42  24.18   74   22
51288  90.53  45.37 1653   -4
51346  84.67  44.43  478  -16
51567  86.57  42.08 1055   -6
50739 123.18  47.33  190  -11
50564 127.35  49.43  234  -16
57827 107.53  26.32  969   14
57606 106.83  28.13  972   10
53882 113.07  36.05  991    5
57265 111.73  32.43  132   16
51839  82.72  37.07 1409    4
52787 102.87  37.20 3045   -6
57091 114.30  34.78   73   12
57285 113.42  32.38  153   14
54423 117.92  40.97  422    4
58633 118.90  29.00   82   18
58667 121.27  28.08   95   17
56954  99.93  22.57 1054   24
57405 105.55  30.50  355    9
58744 119.42  27.45  815   17
53806 105.65  36.57 1854    2
58314 116.32  31.40   86   16
58414 116.32  30.43  105   17
58436 118.98  30.62   87   16
56018  95.28  32.88 4066    0
56257 100.27  30.00 3948    6
58118 116.52  33.27   26   13
58311 116.50  31.73   74   14
59663 111.97  21.83   89   26
54916 116.85  35.57   51   11
58407 115.03  30.23   32   16
57378 112.57  31.17   65   16
58527 117.20  29.30   61   18
51542  84.15  43.03 2458  -26
51053  86.40  48.05  532  -11
51526  88.22  42.23  922   -4
57647 109.18  28.15  406   15
54346 123.78  41.32  185   -2
54486 123.28  40.28   79    3
58665 121.42  28.62    4   21
57583 113.97  29.92   61   15
58519 116.68  29.00   40   17
58926 117.42  25.30  205   24
50349 124.40  51.67  501  -15
57612 106.65  29.00  474   13
57131 108.97  34.43  410   12
53735 108.80  37.62 1336    3
53948 109.58  34.95  499   10
56065 101.60  34.73 3500   -2
52754 100.13  37.33 3301   -6
52645  99.58  38.42 3320   -8
54041 123.07  44.80  150   -6
54263 126.05  42.97  336   -5
59097 114.20  24.05  198   24
59664 110.98  21.53   31   24
51804  75.23  37.77 3090   -5
52797 104.05  37.18 1630    6
56479 102.85  28.00 2132    7
53519 106.77  39.22 1092    6
50353 126.63  51.73  173  -18
50247 123.57  52.03  514  -20
52833  98.48  36.93 2950   -6
52974 102.02  35.52 2491    3
53664 111.13  38.47 1012    2
53687 113.63  37.78  753    7
54744 118.55  37.58    8    7
57279 112.75  32.15  125   15
55472  88.63  30.95 4672    0
55655  85.97  28.18 3810    9
59316 116.68  23.40    2   26
59289 113.73  22.97   56   24
59317 116.30  23.03   14   25
51765  87.70  40.63  846   -1
51232  82.57  45.18  336  -17
51573  89.20  42.93   34   -5
51068  87.47  47.12  500  -16
51334  82.90  44.60  318  -15
57290 114.02  33.00   82   13
54606 115.73  38.23   19    9
52267 101.07  41.95  940    0
50632 121.92  48.77  739  -16
58472 122.45  30.73   79   14
56444  98.92  28.48 3319    7
56763 101.87  25.73 1120   23
58944 119.78  25.52   32   22
58203 115.73  32.87   32   13
58520 117.72  29.85  142   19
58437 118.15  30.13 1840    4
53915 106.67  35.55 1346    8
50936 122.83  45.63  155   -6
54273 126.75  42.98  263   -6
50862 127.98  46.98  206  -22
53663 111.82  38.92 1401    0
57642 109.63  28.70  325   16
57853 110.63  26.73  341   15
57193 114.52  33.78   52   12
54237 121.75  42.07  167    0
57313 106.77  31.87  417   11
55294  91.10  32.35 4800   -4
55279  90.02  31.38 4700   -2
55681  90.40  28.97 4431    5
55248  84.42  32.15 4414    2
53352 110.43  41.70 1376    0
54259 124.92  42.10  237   -4
54351 124.08  41.92  118   -1
58138 118.52  32.98   40   14
58158 120.48  33.20    3   13
53705 105.68  37.48 1183    7
56151 100.75  32.93 3530    3
57633 108.77  28.82  826   13
52533  98.48  39.77 1477   -2
52986 103.87  35.37 1893    0
50877 129.58  46.30  100  -15
50844 123.45  46.40  138  -10
57741 109.18  27.72  282   16
57916 106.77  25.43  440   19
55493  91.10  30.48 4200    4
54623 117.72  39.05    4    5
56034  97.13  33.80 4415   -6
57793 114.38  27.80  131   17
56144  98.58  31.80 3184   10
56187 103.87  30.75  547   14
56964 100.97  22.78 1302   23
57776 112.70  27.30 1265    8
57872 112.60  26.90  104   17
54823 117.00  36.60  170    8
57381 113.33  31.62  116   15
56043 100.23  34.48 3719   -1
59845 109.58  19.52  169   24
59948 109.58  18.22  419   22
53195 113.63  43.85 1036   -4
58837 118.15  26.17  137   22
52378 102.37  41.37  960   -1
56182 103.60  32.67 2881    7
59102 115.65  24.95  303   22
59092 114.82  24.92  206   22
56223  95.83  30.75 3640    8
51477  88.32  43.35 1103   -6
58506 115.98  29.58 1164    8
57696 114.78  28.40   91   18
53276 112.90  42.40 1150   -1
54115 118.03  43.63  825   -2
54324 120.43  41.55  174    3
54470 122.07  41.02    5    0
58143 119.85  33.80    4   12
58241 119.45  32.80    5   13
58251 120.28  32.85    3   13
57889 113.95  26.08  835   16
52652 100.28  39.08 1461   -2
53673 112.72  38.73  828    5
57493 114.33  30.35   73   15
56312  94.33  29.67 2991   12
56116  95.60  31.42 3873    4
52424  95.78  40.53 1170   -3
53923 107.63  35.73 1421    6
57766 111.45  27.18  311   15
53898 114.40  36.05   62   10
57816 106.73  26.58 1223   11
57718 106.73  27.10 1038   10
58818 116.63  26.23  358   20
58730 118.03  27.77  222   20
53602 105.67  38.83 1561    2
56475 102.52  28.65 1659   12
56565 101.52  27.43 2545   12
56357 100.30  29.05 3727    9
56188 103.67  31.00  698   14
57297 114.05  32.13  114   15
57077 111.65  33.78  742   10
50873 130.30  46.78   82  -14
59485 113.40  22.50   33   24
57494 114.05  30.60   23   16
57482 113.95  30.90   25   15
51469  87.18  43.45 1930    1
58358 120.43  31.07   16   16
54579 122.58  39.27   35    5
54497 124.33  40.05   13    4
53817 106.27  36.00 1753    3
56533  98.67  27.75 1583   18
55585  90.17  29.43 3809    9
56172 102.23  31.90 2664   12
57926 107.88  25.42  428   16
57729 107.88  27.23  622   14
57614 106.22  28.33 1180    9
57573 112.90  29.83   30   17
58734 118.12  27.33  196   20
54094 129.60  44.57  241  -11
50788 131.98  47.23   66  -19
59644 109.13  21.45   12   22
53725 107.58  37.58 1360    4
53738 108.17  36.92 1331    6
53754 110.22  37.50  929    4
53942 109.42  35.77 1155    5
56125  96.47  32.20 3643    5
51777  88.17  39.03  887    0
50949 124.87  45.08  136  -11
54157 124.33  43.17  165   -7
56748  99.18  25.12 1652   17
59501 115.37  22.80   16   23
52101  93.05  43.60 1677   -3
51241  83.60  45.93 1077   -1
53149 110.13  42.53 1225   -1
59209 105.83  23.42  794   19
50774 128.83  47.70  264  -16
56691 104.28  26.87 2237    6
53975 112.40  35.48  659    9
54842 120.00  36.78   62    9
57278 112.08  32.00  163   15
56202  93.28  30.67 4488    1
58600 115.37  28.87   78   18
59228 107.58  23.32  108   23
59462 111.60  22.70   60   24
59116 116.70  24.33   81   25
51330  81.02  44.97 1357    1
51656  86.13  41.75  931   -3
51433  82.52  43.80 1105    4
54308 116.63  41.20  735    3
54518 116.40  39.17    8    9
54705 115.38  37.37   27   10
54134 121.28  43.60  241   -2
53083 114.15  44.62 1181   -4
54026 120.90  44.57  265   -2
50639 122.73  48.00  306  -11
50425 120.18  50.25  581  -24
58457 120.17  30.23   41   18
58477 122.10  30.03   35   16
56548  99.28  27.17 2326   14
56991 104.33  23.62 1561   14
56985 103.38  23.38 1300   22
57523 107.73  29.85  290   12
57545 109.42  29.53  502   16
57574 112.40  29.37   36   17
57758 110.58  27.07  323   15
59324 117.03  23.43    7   24
56096 104.92  33.40 1079    8
52447  98.88  40.00 1270   -2
57707 105.28  27.30 1510   11
53490 114.05  40.43 1014    2
54181 127.33  43.70  295   -7
54386 128.18  41.42  775   -3
58715 116.65  27.58   80   17
57874 112.40  26.42  116   16
57965 111.60  25.53  192   19
50973 130.60  45.75  234  -14
55690  91.95  27.98 4280    7
57598 114.58  29.03  146   17
58705 115.42  27.33   85   19
57789 113.95  27.13  194   20
57259 110.77  32.03  426   15
59037 108.10  23.93  170   21
57845 109.78  26.17  397   16
57752 110.60  27.92  204   16
59271 112.43  23.63   57   24
52889 103.88  36.05 1517    2
58843 120.02  26.88   56   18
56004  92.43  34.22 4533   -6
50945 124.27  45.50  137  -10
54165 125.63  43.55  219   -9
54286 129.00  42.53  475   -1
54374 126.88  41.80  379   -2
59107 115.28  24.12  179   24
51810  77.63  38.92 1178    1
51633  81.90  41.78 1229   -5
57866 111.62  26.23  172   17
57051 111.20  34.80  409   10
52955 100.73  35.58 3120   -3
50468 127.45  50.25  166  -17
56317  94.22  29.22 2950   12
59254 110.08  23.40   42   23
59453 110.12  22.67  121   23
53068 111.93  43.63  963   -1
54012 117.60  44.58 1001   -9
57922 107.55  25.83 1013   13
54471 122.17  40.65    3    1
58130 117.95  33.93   23   13
52633  98.42  38.82 3367   -8
52674 101.97  38.23 1976    3
53821 107.30  36.57 1255    7
52681 103.08  38.63 1367    5
52446  99.52  40.30 1177   -1
53578 112.43  39.37 1114    4
50888 132.18  46.32   83  -15
57731 108.25  27.95  416   15
59838 108.62  19.10    7   25
56671 102.25  26.65 1787   16
56196 104.73  31.45  522   14
56374 101.97  30.05 2615    3
57503 105.12  29.62  349   15
57857 110.32  26.37  477   15
52818  94.92  36.42 2807    0
59954 110.03  18.55   35   25
54102 116.12  43.95 1003   -4
56079 102.97  33.58 3441    0
58326 117.83  31.58   30   13
58338 118.58  31.15   17   14
57071 112.43  34.82  333   11
54725 117.53  37.50   11    8
56046  99.65  33.75 3967   -2
51705  75.25  39.72 2175    0
54452 119.82  40.80  365    3
54454 120.30  40.33   29    3
54584 122.95  39.72   34    5
56664 101.27  26.63 1230   20
56739  98.50  25.02 1654   15
55299  92.07  31.48 4507   -1
56137  97.17  31.15 3315   10
57256 110.78  32.65  286   16
54266 125.63  42.53  340   -2
56074 102.08  34.00 3471   -1
54186 128.20  43.37  524   -5
53564 111.15  39.38  861    2
57439 108.93  30.28 1074    7
59134 118.07  24.48  139   24
58847 119.28  26.08   84   23
59321 117.50  23.78   53   21
53336 108.52  41.57 1288   -3
53651 110.47  38.82 1098    1
57106 106.15  33.32  794   12
53646 109.78  38.27 1157    3
57046 110.08  34.48 2064   -2
57238 107.90  32.53  693   12
55680  89.60  28.92 4040    7
55589  90.98  29.30 3555   12
51704  76.17  39.72 1298   -2
54161 125.22  43.90  236  -11
56167 101.12  30.98 2957   13
58141 118.93  33.63   12   13
59082 113.60  24.67  121   22
51156  85.72  46.78 1291   -5
51811  77.27  38.43 1231    0
51931  81.65  36.85 1422    3
54349 124.13  41.30  258   -2
57912 106.63  26.13  990   13
57803 106.02  27.03 1231   12
54776 122.70  37.40   47    7
57251 110.42  33.00  249   16
57355 110.37  31.03  334   14
58718 116.53  27.22  111   18
58606 115.92  28.60   46   18
59985 111.62  16.53    4   27
59855 110.47  19.23   24   26
59632 108.62  21.95    4   24
51358  85.82  44.28  468  -16
51437  81.13  43.15 1851   -5
54429 117.95  40.20   54    9
56462 101.50  29.00 2925   10
56459 101.27  27.93 2426   15
56152 100.33  32.28 3893    3
58754 120.20  27.33   36   21
58918 116.42  25.05  198   23
58102 115.77  33.87   37   12
54292 129.50  42.87  257   -4
58208 115.62  32.17   42   13
58034 118.32  34.60   36   12
53764 111.10  37.50  950    2
52943  99.98  35.58 3323   -3
54493 124.78  40.72  260    1
50656 126.50  48.27  277  -20
55696  92.47  28.42 3860   10
58626 117.25  28.32   60   18
58813 116.33  26.85  143   19
50834 121.22  46.60  499   -7
57840 109.20  26.90  401   15
54563 122.02  39.63  118    4
58343 119.98  31.88    4   16
57517 106.25  29.28  261   14
52895 104.68  36.57 1398    2
53853 110.95  36.70 1052    3
53772 112.58  37.62  776    6
57581 113.45  29.82   27   16
57902 105.18  25.43 1378   12
57806 105.90  26.25 1431   11
55437  81.25  30.28 3900    6
57206 105.85  32.43  513   16
57432 108.40  30.77  186   11
53868 111.50  36.07  449    9
53877 112.25  36.17  860    6
57052 110.45  34.88  354   10
57671 112.37  28.85   37   16
57554 110.17  29.40  322   17
57805 105.77  26.68 1319   14
58737 118.32  27.05  154   21
58921 117.35  25.97  206   23
50548 123.72  49.20  286  -15
57328 107.50  31.20  344   11
56571 102.27  27.90 1590   14
58015 116.33  34.45   44   11
57156 111.50  33.30  250   15
57089 113.93  34.07   67   13
59072 112.37  24.80  131   21
57996 114.25  25.08  149   22
59293 114.73  23.80   70   25
54945 119.53  35.43   36   12
51711  78.45  40.93 1985    1
58345 119.48  31.43    5   16
54326 119.70  41.38  422    1
54472 122.72  40.88   25    0
54660 121.23  38.82   66    6
54662 121.63  38.90   91    6
53704 105.18  37.53 1225    7
53810 105.90  36.97 1339    6
58448 119.70  30.22  117   18
59446 109.30  22.42   66   23
54096 131.17  44.38  567  -12
50246 124.72  52.35  361  -16
57512 106.28  29.97  230   14
57536 108.78  29.53  607   14
56247  99.10  30.00 2589   15
54049 123.97  44.25  188   -9
54764 121.23  37.48   53    7
54863 121.18  36.78   40   10
57932 108.53  25.97  285   17
57825 107.98  26.60  720   13
50745 123.92  47.38  147  -13
59065 111.50  24.42  148   21
53955 110.45  35.47  458    9
57124 106.93  33.63 1032   13
57134 107.98  33.52  827   14
57211 106.25  32.83  836   13
53854 110.07  36.58  804    7
57049 109.73  34.52  341   12
57232 108.27  33.05  484   15
58622 117.58  28.95   88   17
51087  89.52  46.98  807   -4
51133  83.00  46.73  534   -1
57083 113.65  34.72  110   13
53986 113.88  35.32   73   12
58111 116.45  33.97   32   12
54406 115.97  40.45  487    6
59304 115.18  23.63  176   25
52112  95.13  43.77  479   -2
51379  89.57  44.02  793   -2
50983 132.97  45.77  100  -14
53615 106.70  38.80 1101    5
57974 112.37  25.58  214   18
57712 106.95  27.73  983   11
57359 110.73  31.35  336   16
55664  87.08  28.63 4300    8
59981 112.33  16.83    4   26
59849 109.83  19.03  250   23
57178 112.58  33.03  129   15
54311 117.77  41.97  892   -1
53399 114.70  41.15 1393   -2
53593 114.57  39.83  909    3
53698 114.35  38.07  103    9
54405 115.50  40.42  570    4
54436 118.95  40.42  254    6
50527 119.70  49.25  649  -23
56543  99.70  27.83 3276    8
56946  99.40  23.55 1104   24
58225 117.67  32.53   69   12
57957 110.30  25.32  164   20
52657 100.25  38.18 2787   -7
53529 107.97  39.08 1381    2
56342  98.60  29.68 3870    7
54063 126.00  44.97  196  -13
54142 123.53  43.50  114   -7
54285 128.12  42.42  721   -4
52418  94.68  40.15 1139   -1
53588 113.52  38.95 2208   -4
57067 111.03  34.05  568   11
54334 121.25  41.52   74    2
57411 106.10  30.78  309    9
58637 117.98  28.45  118   18
57896 114.50  26.33  126   19
57947 109.40  25.22  121   21
59046 109.40  24.35   96   22
59211 106.60  23.90  174   22
53543 109.98  39.83 1461    0
57906 106.08  25.18  566   19
54236 122.55  42.38   79   -3
54339 123.00  41.08   77    1
52707  93.68  36.80 2767    1
52602  93.33  38.75 2770   -5
57682 113.57  28.72  106   16
57841 109.67  26.57  320   14
50968 127.97  45.22  189  -15
50953 126.57  45.93  118  -16
54218 118.83  42.30  668    1
57461 111.30  30.70  133   17
57710 106.40  27.80  890   11
57799 114.92  27.05   71   18
59626 107.97  21.53   21   24
52765 101.62  37.38 2850   -6
50557 125.23  49.17  242  -18
56146 100.00  31.62 3393    9
56586 103.72  27.35 1949    6
59007 105.07  24.07 1249   16
53968 111.67  35.28  505    9
50618 118.27  48.22  642  -14
53513 107.37  40.73 1041    2
56492 104.60  28.80  340   17
59658 110.30  21.15   53   23
59488 113.57  22.28   51   23
57595 114.50  29.60   76   16
51365  87.53  44.20  440  -18
58135 118.22  33.48   16   15
53614 106.20  38.47 1110    6
56838  97.85  24.00  762   23
58646 119.92  28.45   59   20
54909 115.52  35.08   51   11
56793 104.47  25.72 1800    9
57761 111.30  27.75  211   15
54715 116.57  37.32   18    9
59265 111.30  23.48  114   22
57143 109.97  33.87  742   10
53845 109.45  36.58 1180    5
57034 108.22  34.25  447   14
57245 109.03  32.72  290   14
55228  80.08  32.50 4278    1
51655  86.27  41.35  884   -2
51059  85.87  47.43  984   -1
59758 110.25  20.00   63   24
54525 117.28  39.73    5    9
56959 100.78  22.00  582   26
59647 109.10  21.03   55   23
59087 113.52  23.88   97   24
51709  75.98  39.47 1289   -2
51581  90.23  42.85  398   -5
52118  94.70  43.27 1728   -2
52679 102.67  37.92 1531    5
54226 120.70  42.33  400   -1
50854 125.32  46.38  149  -14
53910 106.20  35.67 2841   -6
57910 106.08  25.77 1197   12
55773  89.08  27.73 4300    8
59631 108.35  21.78   32   23
59431 108.22  22.63  121   22
59294 113.83  23.33   30   25
51495  91.73  43.22  721   -5
51238  82.07  44.90  531  -14
51076  88.08  47.73  735   -7
51716  78.57  39.80 1116    0
53798 114.50  37.07   77   10
54401 114.92  40.77  772    3
54539 118.88  39.43   10    5
58464 121.08  30.62    5   16
58760 121.15  27.83   68   18
56684 103.28  26.42 2110    8
56977 101.85  22.58 1120   23
56986 103.68  22.98 1414   18
56287 103.00  29.98  627   16
58820 117.17  26.90  342   19
59126 117.65  24.50   28   26
58911 116.37  25.85  310   21
59113 116.72  24.73  226   24
51467  86.33  42.77 1732    0
58806 116.02  26.48  209   20
58215 116.78  32.43   25   13
54342 123.52  41.73   49    0
52661 101.08  38.80 1765   -1
52996 105.02  35.38 2450   -2
56080 102.90  35.00 2910    1
56228  96.92  30.05 3260   12
54774 122.13  37.47   65    8
53859 110.67  36.10  851    5
57662 111.68  29.12  150   16
52836  98.10  36.30 3189   -7
58150 120.25  33.77    2   12
55572  89.10  29.68 4000    8
57839 109.15  26.23  568   14
56693 104.87  26.58 1815    8
58047 119.23  34.25    4   12
57779 113.35  27.00  102   15
57679 112.78  28.12  115   14
50963 128.73  45.97  108  -16
57395 114.12  31.57   74   16
58500 115.20  29.85   45   16
57907 104.90  25.08 1299   13
55578  88.88  29.25 3836   10
56251 100.32  30.93 3000   14
54476 122.15  40.17   20    2
57604 105.38  28.78  368   15
56778 102.65  25.00 1888   15
53884 113.03  36.52  877    7
56093 104.02  34.43 2315    3
52884 103.95  36.35 1668    0
54808 115.63  36.23   37   10
52876 102.83  36.33 1813    2
50727 119.93  47.17  997  -17
58936 118.70  25.37   77   24
52576 101.68  39.22 1510    1
53391 114.00  41.90 1482   -3
50434 121.68  50.48  732  -20
56385 103.33  29.52 3047   -1
56386 103.75  29.57  424   16
59287 113.48  23.22   70   24
59493 114.00  22.53   63   24
57447 109.47  30.28  457   15
57476 112.15  30.35   31   16
57458 110.67  30.20  619   16
54528 117.13  39.23    3   10
58356 121.00  31.40    3   16
54337 121.12  41.13   65    3
54353 125.05  41.73  328   -3
54365 125.35  41.28  245   -1
56651 100.22  26.85 2380   15
58652 120.72  28.87   83   20
58362 121.45  31.40    5   16
52546  99.83  39.37 1332   -2
57625 107.45  28.55  679   13
57972 113.03  25.80  184   18
54727 117.55  36.68  121    7
50853 126.97  46.62  179  -18
57144 109.15  33.43  693   13
57048 108.72  34.40  472   12
52856 100.62  36.27 2835   -2
54416 116.87  40.38   71    8
54276 126.80  42.40  570   -3
58265 121.60  32.07    3   12
59456 110.93  22.35  141   24
59478 112.78  22.25   32   25
54527 117.05  39.08    3    9
52313  94.67  41.53 1573   -6
51818  78.28  37.62 1375    0
57722 107.47  27.77  792   13
59058 110.52  24.20  145   19
50756 126.97  47.45  239  -20
57037 108.98  34.93  710   10
58931 118.10  25.72 1653   12
50955 126.30  45.38  166  -16
52868 101.43  36.03 2237    2
56307  92.58  29.15 3260   14
51639  82.78  41.23  980   -1
51828  79.93  37.13 1375    1
51720  79.05  40.50 1161    0
51642  84.27  41.82  982   -2
51470  88.12  43.88 1942    0
51060  86.87  47.70  473  -11
52983 104.15  35.87 1874    1
57014 105.87  34.57 1085    8
54534 118.10  39.65   23    8
54618 116.55  38.08   13    8
50603 116.82  48.67  554  -10
53362 111.68  41.53 1490   -1
54213 119.02  42.93  634   -1
58543 119.02  29.62  171   18
58549 119.65  29.12   62   18
58553 120.82  30.05    6   16
58556 120.82  29.60  104   17
56768 101.55  25.03 1824   18
56856 100.87  24.47 1162   22
56038  98.10  32.98 4200   -1
53903 105.72  35.97 1916    2
