diamond  3 2013年12月17日05点24小时降雨量                    
  13  12  17  05    -2 3 10 25 50 1 0
 39 122.7  37.3 122.5  36.7 120.8  36.2 119.3  35.0 120.4  34.3
 121.1  32.7 122.3  30.9 122.5  30.1 121.5  28.0 119.8  25.0
 116.1  22.6 111.0  21.0 111.0  18.6 109.6  18.1 108.3  18.5
 108.9  19.9 109.3  21.0 106.4  21.6 104.1  22.2 101.6  20.8
  98.7  22.0  97.1  24.1  97.7  27.0  91.7  26.6  85.7  27.7
  78.9  30.6  73.3  37.1  74.1  40.7  87.6  49.8  98.5  43.9
 110.4  44.3 122.0  54.7 135.7  48.3 131.5  42.2 125.2  39.4
 121.3  38.5 121.2  40.3 118.5  38.6 120.8  38.1
1                    335
  50527 119.75  49.22  612    1.0
  50548 123.72  49.20  287   0.01
  50603 116.82  48.67  556    0.8
  50618 118.27  48.22  644    0.2
  50632 121.92  48.77  741   0.01
  50639 122.73  48.00  308   0.01
  50656 126.52  48.28  272   0.01
  50658 125.88  48.05  236   0.01
  50727 119.93  47.17  997   0.01
  50742 124.48  47.80  164   0.01
  50745 123.92  47.38  148   0.01
  50758 125.90  47.18  248   0.01
  50774 128.92  47.73  245   0.01
  50834 121.22  46.60  501    0.4
  50838 122.05  46.08  276   0.01
  50844 123.45  46.40  139    0.1
  50854 125.32  46.38  150    0.1
  50862 128.02  46.98  213   0.01
  50915 116.97  45.52  838    0.3
  50936 122.83  45.63  156   0.01
  50945 124.27  45.50  138   0.01
  50949 124.87  45.08  137   0.01
  50950 125.25  45.70  150   0.01
  50953 126.77  45.75  146    0.2
  50955 126.30  45.38  167    0.2
  51133  83.00  46.73  536    4.6
  51232  82.57  45.18  338    1.1
  51238  82.07  44.90  533    0.5
  51241  83.60  45.93 1077    5.4
  51330  81.02  44.97 1359    3.4
  51334  82.90  44.60  320   0.01
  51346  84.67  44.43  478    0.2
  51431  81.33  43.95  663    4.0
  51433  82.52  43.80 1106    1.6
  51437  81.13  43.15 1854   0.01
  51567  86.57  42.08 1057   0.01
  51633  81.90  41.78 1230   0.01
  51701  75.40  40.52 3507    1.0
  52884 103.95  36.35 1670    0.1
  52895 104.68  36.57 1399   0.01
  53192 114.95  44.02 1127   0.01
  53231 106.40  41.40 1510    0.3
  53336 108.52  41.57 1289   0.01
  53352 110.43  41.70 1376    0.1
  53362 111.68  41.53 1491   0.01
  53478 112.45  40.00 1347   0.01
  53480 113.07  41.03 1421    0.2
  53487 113.33  40.10 1069   0.01
  53543 109.98  39.83 1462   0.01
  53578 112.43  39.37 1116   0.01
  53588 113.52  38.95 2209    0.8
  53593 114.57  39.83  910   0.01
  53663 111.82  38.92 1402    0.3
  54012 117.60  44.58 1002    0.3
  54102 116.12  43.95 1003   0.01
  54208 116.47  42.18 1247   0.01
  54218 118.93  42.27  569   0.01
  54311 117.77  41.97  884    0.3
  56684 103.28  26.42 2110    0.5
  56691 104.28  26.87 2239    0.4
  56693 104.87  26.58 1817    1.0
  56751 100.18  25.70 1991    2.8
  56763 101.87  25.73 1120    0.1
  56768 101.55  25.03 1820    1.5
  56778 102.65  25.00 1889    0.9
  56786 103.83  25.58 1900    2.5
  56792 104.97  25.78 1648    1.0
  56793 104.47  25.72 1796    1.5
  56856 100.87  24.47 1163    0.1
  56875 102.55  24.33 1717    1.8
  56886 103.77  24.53 1705    0.7
  56946  99.40  23.55 1104    2.1
  56951 100.08  23.88 1502    1.9
  56954  99.93  22.57 1054    3.8
  56964 100.97  22.78 1302    2.2
  56966 101.98  23.60  401    0.2
  56969 101.57  21.48  633    0.1
  56977 101.85  22.58 1121    2.2
  56985 103.38  23.38 1305    1.7
  56986 103.68  22.98 1412    0.3
  56991 104.33  23.62 1561    1.0
  57432 108.40  30.77  188   0.01
  57439 108.93  30.28 1072   0.01
  57493 114.33  30.33   73    6.0
  57494 114.05  30.60   24    0.2
  57545 109.42  29.53  499    1.0
  57574 112.40  29.37   35    0.6
  57581 113.45  29.82   27    3.1
  57583 113.92  29.98   36    7.9
  57584 113.08  29.38   49    4.8
  57595 114.50  29.60   76    6.9
  57598 114.58  29.03  147   12.2
  57606 106.83  28.13  972    0.1
  57612 106.65  29.02  255    0.3
  57614 106.22  28.33 1179    0.5
  57625 107.45  28.55  678    0.4
  57633 108.77  28.83  665    0.1
  57642 109.63  28.70  323    0.2
  57647 109.18  28.15  406    1.0
  57649 109.73  28.32  207    2.2
  57655 110.40  28.47  151    1.3
  57662 111.68  29.05   34   0.01
  57669 111.22  28.38  129    5.0
  57671 112.37  28.85   35    4.6
  57673 112.88  28.68   54   11.3
  57679 113.08  28.20   45   14.9
  57682 113.57  28.72  105   12.5
  57687 112.92  28.22   66   11.7
  57696 114.78  28.40   91   21.4
  57707 105.28  27.30 1511    0.2
  57710 106.40  27.80  890    0.7
  57712 106.95  27.73  983    0.5
  57718 106.73  27.10 1040   10.3
  57722 107.47  27.77  792    2.3
  57729 107.88  27.23  621    1.7
  57731 108.25  27.95  417    0.8
  57741 109.18  27.72  283    4.4
  57745 109.68  27.45  273    4.6
  57749 110.00  27.57  261    8.7
  57752 110.60  27.92  203    7.1
  57758 110.58  27.07  323    5.5
  57761 111.30  27.75  213   10.7
  57766 111.47  27.23  248   13.3
  57774 112.17  27.45  101   14.3
  57776 112.70  27.30 1268   30.4
  57779 113.35  27.00  100   22.5
  57780 113.17  27.87   72   14.5
  57789 113.95  27.13  185   27.8
  57793 114.38  27.80  131   28.9
  57799 114.92  27.05   70   38.5
  57803 106.02  27.03 1234    0.6
  57805 105.77  26.68 1323    0.3
  57806 105.90  26.25 1430    1.4
  57816 106.73  26.58 1224    2.4
  57825 107.98  26.60  721    2.6
  57827 107.53  26.32  985    1.6
  57832 108.67  26.97  627    4.5
  57839 109.15  26.23  569    6.6
  57840 109.20  26.93  401    3.8
  57841 109.67  26.57  318    7.2
  57845 109.78  26.17  397    4.9
  57853 110.63  26.73  340   12.0
  57857 110.32  26.37  475    7.3
  57866 111.62  26.23  172   19.1
  57872 112.60  26.90  104   20.8
  57874 112.40  26.42  116   29.1
  57889 113.95  26.08  828   38.8
  57894 114.17  26.58  841   34.6
  57896 114.50  26.33  125   51.8
  57902 105.18  25.43 1379    1.0
  57906 106.08  25.18  567    1.0
  57907 104.90  25.08 1298    0.9
  57910 106.08  25.77 1201    1.0
  57912 106.63  26.13  992    0.6
  57916 106.77  25.43  440    0.7
  57922 107.55  25.83 1015    0.4
  57926 107.88  25.42  432    1.5
  57932 108.53  25.97  288    2.6
  57947 109.40  25.22  122    5.2
  57957 110.30  25.32  163    7.5
  57965 111.60  25.53  191   21.0
  57972 113.03  25.80  187   37.2
  57974 112.37  25.58  212   33.4
  57993 115.00  25.87  138   58.6
  57996 114.32  25.13  134  106.0
  58158 120.48  33.20    4   0.01
  58225 117.67  32.53   76   0.01
  58236 118.30  32.30   32    0.8
  58238 118.90  31.93   36    7.4
  58241 119.45  32.80   10    0.5
  58251 120.28  32.85    4    0.6
  58252 119.47  32.18   32    4.9
  58255 120.57  32.37    5    2.7
  58259 120.98  32.08   10    6.4
  58265 121.60  32.07    9    9.3
  58311 116.50  31.73   60    0.6
  58314 116.32  31.40   72    5.6
  58319 116.95  31.07   82   13.6
  58321 117.30  31.78   27    3.9
  58326 117.83  31.58   27   11.6
  58336 118.52  31.70   24   10.0
  58338 118.58  31.15   15   21.2
  58343 119.98  31.88    5    8.4
  58345 119.48  31.43    8   18.4
  58354 120.35  31.62    4   16.4
  58356 121.00  31.40    8   23.0
  58358 120.43  31.07   21   29.3
  58362 121.45  31.38    9   31.5
  58402 115.67  30.73  132    7.2
  58407 115.03  30.23   32    9.8
  58414 116.30  30.45   71   13.4
  58419 117.02  30.10   19   24.4
  58424 117.05  30.53   19   17.4
  58429 117.78  30.97   37   16.3
  58436 118.98  30.62   92   32.6
  58437 118.15  30.13 1835   46.7
  58448 119.73  30.30  108   37.2
  58450 120.05  30.87    7   35.5
  58457 120.17  30.23   43   40.4
  58464 121.08  30.62    6   42.3
  58467 121.27  30.20    5   46.3
  58472 122.45  30.73   70   36.5
  58477 122.10  30.03   36   59.8
  58500 115.20  29.87   47   14.1
  58506 115.98  29.58 1165   34.7
  58507 115.12  29.25  105   20.9
  58519 116.68  29.00   45   31.8
  58520 117.72  29.85  138   34.6
  58527 117.20  29.30   62   33.3
  58531 118.28  29.72  141   28.9
  58543 119.02  29.62  172   37.7
  58549 119.65  29.12   61   57.7
  58553 120.82  30.05    6   49.2
  58556 120.82  29.60  103   57.8
  58557 120.08  29.33   87   54.1
  58562 121.55  29.78    4   75.1
  58569 121.95  29.20  124   55.7
  58600 115.37  28.87   80   13.7
  58606 115.92  28.60   49   26.0
  58608 115.55  28.07   35   33.4
  58622 117.58  28.95   85   40.8
  58626 117.22  28.30   51   40.3
  58633 118.90  29.00   82   48.4
  58634 118.25  28.68  113   45.7
  58637 117.98  28.45  119   45.8
  58646 119.92  28.45   59   78.8
  58652 120.72  28.87   79   67.9
  58665 121.42  28.62    5   52.0
  58666 121.90  28.45   84   32.4
  58667 121.27  28.08   99   31.1
  58705 115.42  27.33   82   36.8
  58715 116.65  27.58   78   45.9
  58718 116.53  27.22  107   55.4
  58725 117.47  27.33  218   82.7
  58730 118.03  27.77  222   56.7
  58731 118.53  27.92  276   68.3
  58734 118.12  27.33  196   88.2
  58737 118.32  27.05  155   58.7
  58742 119.55  28.12  159   81.2
  58744 119.42  27.45  814   38.1
  58752 120.65  27.78   37   35.5
  58754 120.20  27.33   37   29.3
  58760 121.15  27.83   64   26.9
  58806 116.02  26.48  210   59.2
  58813 116.33  26.85  141   68.0
  58818 116.63  26.23  359   78.5
  58820 117.17  26.90  341   77.6
  58834 118.17  26.63  152   39.1
  58837 118.15  26.17  135   38.0
  58843 120.02  26.88   52   20.0
  58846 119.52  26.67   30   30.8
  58847 119.28  26.08   85   22.4
  58911 116.37  25.85  311   67.6
  58918 116.42  25.05  197   50.4
  58921 117.35  25.97  205   44.3
  58926 117.42  25.30  203   34.6
  58927 117.02  25.05  373   30.3
  58931 118.10  25.72 1651   29.5
  58933 118.98  26.92  871   36.0
  58936 118.70  25.37   77   16.6
  58944 119.78  25.52   30    9.6
  59007 105.07  24.07 1251    1.1
  59021 107.03  24.55  507    0.2
  59023 108.03  24.70  258    0.6
  59037 108.10  23.93  173    8.3
  59046 109.40  24.35   96   13.9
  59058 110.52  24.20  147   28.6
  59065 111.53  24.42  109   37.4
  59072 112.37  24.80  129   80.4
  59082 113.60  24.67  122  110.1
  59087 113.52  23.88   98   84.3
  59088 113.42  24.18   68   26.5
  59092 114.82  24.92  207   66.0
  59096 114.48  24.37  214   71.6
  59097 114.20  24.05  179   86.7
  59102 115.65  24.95  302   49.5
  59107 115.25  24.10   98   64.1
  59113 116.72  24.73  221   36.2
  59116 116.70  24.33   80   38.6
  59117 116.10  24.27   89   48.2
  59126 117.65  24.50   29   22.6
  59133 118.92  24.90   22   12.8
  59134 118.07  24.48  138   25.8
  59209 105.83  23.42  794    1.4
  59211 106.60  23.90  176    1.7
  59218 106.42  23.13  740    0.9
  59228 107.58  23.32  110    9.6
  59242 109.23  23.75   85   18.6
  59254 110.08  23.40   43   31.6
  59265 111.30  23.48  116   39.1
  59271 112.43  23.63   54   93.5
  59278 112.45  23.03   40   97.6
  59280 113.08  23.72   78   95.4
  59287 113.33  23.17   43   27.3
  59289 113.73  22.97   43   45.2
  59293 114.68  23.73   41   72.0
  59294 113.83  23.33   37   57.7
  59298 114.42  23.08   21   72.5
  59303 115.75  23.92  128   47.3
  59304 115.18  23.63  177   48.0
  59306 115.85  23.45   69   40.4
  59316 116.68  23.40    7   18.4
  59317 116.30  23.03   14    6.3
  59321 117.50  23.78   54    6.8
  59324 117.03  23.43    7    8.7
  59417 106.85  22.33  129    9.1
  59431 108.22  22.63  122   19.5
  59446 109.30  22.42   67   29.9
  59453 110.17  22.65   85   39.1
  59456 110.93  22.35   83   86.1
  59462 111.60  22.70   60  120.0
  59478 112.78  22.25   33   47.0
  59485 113.40  22.50   29   45.3
  59488 113.58  22.28   45   54.6
  59493 114.00  22.53   59   64.5
  59501 115.37  22.80   16   12.0
  59626 107.97  21.53   22   24.3
  59631 108.35  21.78   31   26.1
  59632 108.62  21.95    5   30.0
  59644 109.13  21.45   13   57.9
  59647 109.10  21.03   54   60.7
  59658 110.30  21.15   50   84.6
  59663 111.97  21.83   88   42.0
  59664 110.98  21.53   22   70.3
  59673 112.77  21.73   21   33.7
  59754 110.18  20.33   56   46.0
  59758 110.25  20.00   64   42.5
  59838 108.62  19.10   12   30.3
  59845 109.58  19.52  170   34.9
  59849 109.83  19.03  252   22.8
  59855 110.47  19.23   28   17.1
  59948 109.58  18.22  418    5.9
  59954 110.03  18.50   14    4.1
  59981 112.33  16.83    5   0.01
  59985 111.62  16.53    4   15.6
