diamond  3 2013年12月23日05时地面变温                        
  13  12  23  05 1000 0 0 0
39 122.7 37.3 122.5 36.7 120.8 36.2  119.3 35.0 120.4 34.3
 121.1 32.7 122.3 30.9 122.5 30.1  121.5 28.0 119.8 25.0
 116.1 22.6 111.0 21.0 111.0 18.6  109.6 18.1 108.3 18.5
 108.9 19.9 109.3 21.0 106.4 21.6 104.1 22.2 101.6 20.8
 98.7 22.0  97.1 24.1  97.7 27.0 91.7 26.6  85.7 27.7
 78.9 30.6  73.3 37.1  74.1 40.7 87.6 49.8  98.5 43.9
 110.4 44.3 122.0 54.7 135.7 48.3 131.5 42.2 125.2 39.4
 121.3 38.5 121.2 40.3 118.5 38.6 120.8 38.1
1  1455
44241 106.07  48.92   807    -2
44272  96.85  47.75  1759    -4
44285 102.77  46.90  1662    -1
44358 111.90  43.73   964     1
45004 114.17  22.30    66     0
45005 114.17  22.30    40    -1
38944  69.38  37.48   447    -3
42571  80.83  24.57   316    -1
42675  79.95  23.20   398     0
42754  75.80  22.72   567    -1
43041  82.03  19.08   554     0
30526 107.07  54.48   650    12
29625  80.97  55.10   141   -11
29822  81.27  53.82   129   -13
41718  70.68  28.65    88    -2
31054 135.15  59.18   212     1
35953  64.08  45.50   103     7
29122  80.83  59.05    57    17
47025 129.20  40.67    23     1
47035 124.38  40.10     7     0
47065 125.77  38.52    52    -2
38198  68.22  43.27   207     6
42348  75.80  26.82   390    -1
29662  91.62  55.38   321   -17
30309 101.75  56.28   416     3
29481  95.22  56.82   188   -13
29571  92.73  56.07   234   -18
29789  96.97  54.22   984     4
30703 101.98  52.97   543    16
28879  69.38  53.28   229     5
35671  67.72  47.80   346     3
36208  83.55  50.33   811   -10
30385 121.50  56.58   425    -3
47891 134.05  34.32    14    -4
35699  74.82  47.45   620    -3
30673 119.73  53.75   624     0
30823 107.60  51.83   514     5
31168 138.15  56.45     7     1
31873 133.73  45.87   104     1
43189  82.23  16.95     7     1
31253 128.87  54.72   364     4
30695 123.90  53.47   265     0
31527 129.47  50.12   239     6
58040 119.13  34.85     5     0
58259 120.98  32.08     4     1
38545  62.28  40.47   142     1
38911  65.20  37.83   240    -3
31005 126.27  58.97   283     7
54511 116.47  39.80    31    -2
58450 120.05  30.87     7     0
51644  82.97  41.72  1081     4
54243 124.12  42.78   165     3
56786 103.83  25.58  1898     2
56966 101.98  23.60   400    -1
59280 113.08  23.72    79     1
59298 114.37  23.07   108     1
58255 120.57  32.37     6    -2
52203  93.52  42.82   737     0
51747  83.67  39.00  1099     5
53612 106.18  37.98  1128     1
58725 117.47  27.33   218     0
59218 106.42  23.13   739     0
28541  60.30  56.08   398     0
29636  84.38  55.22   172   -21
47740 133.33  36.20    32    -4
59023 108.03  24.70   260     0
51463  87.65  43.78   935     2
58531 118.28  29.72   142     1
56969 101.58  21.47   633     0
50658 125.88  48.05   236    -2
57343 109.53  31.90   995     1
53929 107.80  35.20  1206     1
56666 101.72  26.58  1224     1
57237 108.03  32.07   674    -3
57832 108.67  26.97   626     4
50742 124.48  47.80   162     4
50136 122.52  52.97   433     2
50978 130.92  45.30   272     3
57181 113.05  33.88   136     0
56021  95.80  34.12  4175     2
47778 135.75  33.45    69    -3
47918 124.17  24.33    14     1
30846 112.47  51.35   743     0
31878 133.50  45.10    97    -4
54284 127.50  42.15   774     1
54377 126.22  41.15   225    -1
53192 114.95  44.02  1126     1
50838 122.05  46.08   274     0
50514 117.32  49.58   661     1
50915 116.97  45.52   838     0
58846 119.52  26.67    32     4
54843 119.20  36.75    22     0
54836 118.17  36.18   305    -1
56434  97.47  28.65  2327    -5
59303 115.75  23.92   135     0
57426 107.80  30.68   454     6
57502 105.70  29.70   394     1
57516 106.47  29.58   259     3
57520 107.07  29.83   377     4
41712  64.40  28.88   850    -3
29974  93.23  52.80  1398    -3
58354 120.35  31.62     3     0
58562 121.55  29.78     5    -2
58569 121.95  29.20   128     2
58666 121.90  28.45    86     2
58742 119.55  28.12   163     1
59417 106.85  22.33   128    -1
57127 107.03  33.07   509     0
54929 117.97  35.27   121    -1
57445 109.72  30.60   609     2
54135 122.27  43.60   178     5
54208 116.47  42.18  1245     2
58731 118.53  27.92   276     1
58834 118.17  26.63   152     1
59133 118.92  24.90    21     4
51367  86.82  44.13   522     6
38696  66.95  39.63   725    -5
48315 100.80  19.12   236    -2
48374 101.23  16.77   144     2
48385  98.85  16.02   460    -1
48390 103.58  16.32   140     0
48418 101.18  15.27    51     2
48350 101.72  17.40   263     1
44373 104.42  43.58  1465     2
48324  99.23  17.63   192     0
48401 100.52  15.33    93     1
44216  93.10  48.82  1051    -1
44325  96.77  44.93  1182     0
47100 128.72  37.67   773     5
47104 128.85  37.80    80     0
47106 129.12  37.50    41     0
47112 126.62  37.47    69     3
47119 126.98  37.27    37     7
47130 129.40  36.98    51     3
47146 127.15  35.82    54     5
53863 111.92  37.03   743     0
53478 112.45  40.00  1345    -2
48353 101.72  17.45   254     2
47108 126.95  37.57    87     5
47133 127.37  36.37    69     6
57154 110.90  33.53   523     1
53463 111.57  40.85  1153     1
53231 106.38  41.45  1510     0
51886  90.85  38.25  2944     2
50442 124.12  50.40   371    -1
59021 107.03  24.55   509    -1
58634 118.25  28.68   116     0
58005 115.67  34.45    50    -1
53446 109.88  40.53  1004     0
56331  97.83  29.67  3780     0
57894 114.17  26.58   843     2
58608 115.55  28.07    30     2
52866 101.75  36.73  2295     0
53775 112.53  37.43   781     0
57655 110.40  28.47   151     5
57649 109.68  28.23   254     6
57774 112.17  27.45   100     3
57687 112.92  28.22    68     3
57584 113.08  29.38    53     3
57780 113.17  27.87    74     2
57673 112.88  28.68    53     2
57745 109.68  27.45   272     5
52984 103.18  35.58  1917     1
58402 115.67  30.73   123     1
57358 110.97  30.83   295     0
57399 114.95  31.13    74     1
56875 102.55  24.33  1716     3
56886 103.77  24.53  1704     1
59278 112.45  23.03    41     2
51855  85.55  38.15  1247     3
58221 117.30  32.85    26     1
58236 118.25  32.35    33     1
58424 116.97  30.62    62     1
36911  75.28  42.83   817    -9
48351 100.08  17.62    64     1
56173 102.55  32.80  3491     3
57348 109.53  31.02   299     0
53502 105.75  39.78  1031     2
54254 124.05  42.53    98     2
54335 122.08  41.68    37     2
56128  96.60  31.22  3810     0
52825  96.43  36.43  2790     0
56029  96.97  33.00  3716    -2
54027 119.40  43.98   486     7
56485 103.58  28.27  1255     0
58321 117.30  31.78    27     2
59754 110.18  20.33    55     3
51730  81.27  40.55  1012    -1
51186  90.38  46.67  1218     3
54751 120.73  37.93    39     2
56643  98.85  25.87   949     0
56951 100.08  23.88  1502     1
54449 119.52  39.85     2    -6
54602 115.48  38.73    16    -2
54624 117.32  38.40     4     1
48383 104.72  16.53   139     0
56067 101.48  33.43  3628     5
58429 117.85  30.98    11     0
48304  99.77  19.87   401     0
53963 111.37  35.65   433    -1
50948 124.02  45.00   146     4
54171 126.52  43.70   229     5
54195 129.78  43.30   244    -3
50739 123.18  47.33   190     3
53740 109.23  37.93  1111     1
54826 117.10  36.25  1533     1
59096 114.48  24.37   214     0
56109  93.78  31.48  3940    -1
50950 125.25  45.70   148     0
52737  97.38  37.37  2981     2
57827 107.53  26.32   969     3
52436  97.03  40.27  1526     2
50758 125.90  47.18   246    -3
50564 127.35  49.43   234     5
58507 115.12  29.25   116     2
28044  60.53  59.60   130    13
29348  86.22  57.07   114   -12
29524  80.05  55.85   128    -7
29645  86.22  55.25   148   -23
36096  94.48  51.70   632     7
47037 125.25  39.98    99    -2
47069 125.70  38.03    81     0
57993 115.00  25.87   137     0
52908  93.08  35.22  4612     0
52713  95.35  37.85  3173    -1
56033  98.22  34.92  4272    -2
53594 114.18  39.45   938     0
52495 104.80  40.17  1323    -2
56792 104.97  25.78  1649     1
57562 111.37  29.58   116     1
57749 110.00  27.57   257     5
52323  97.03  41.80  1770    -1
57003 106.83  34.90   924    -3
59306 115.85  23.45    80     2
57669 111.22  28.38   128     5
54333 122.85  41.97    30     1
54523 117.02  39.38     4     0
28952  63.62  53.22   170     2
29802  76.53  53.82   114     0
35188  71.37  51.13   350    -2
35357  69.52  49.68   349     0
38343  72.75  42.95   683   -10
30777 117.70  52.23   525     0
47605 136.63  36.58    33     0
57405 105.55  30.50   355     1
58122 116.98  33.63    25     0
58336 118.57  31.70    80     2
58419 117.02  30.10    17     1
58933 118.98  26.92   869     3
51288  90.53  45.37  1653    -1
51701  75.40  40.52  3504    -6
58026 118.02  34.40    25    -1
58038 118.78  34.08    10     0
57285 113.42  32.38   153     1
53787 112.98  37.07  1041     0
58467 121.27  30.20     4     1
59088 113.42  24.18    74    -1
51243  84.85  45.62   449     4
51431  81.33  43.95   662    -3
47746 134.23  35.48    15    -2
47772 135.52  34.68    83     0
29874  92.88  53.58   319    -3
31538 132.13  50.07   347     3
53959 111.05  35.05   365     0
56954  99.93  22.57  1054     1
58252 119.47  32.18    27     1
52787 102.87  37.20  3045     3
57265 111.73  32.43   132     3
54857 120.33  36.07    76     1
54753 120.33  37.63     4    -4
51839  82.72  37.07  1409    -1
51628  80.23  41.17  1103     3
53806 105.65  36.57  1854    -1
56178 102.35  31.00  2438     0
57608 105.43  28.17   377    -1
54455 120.65  40.62    20     1
59242 109.23  23.75    84     0
58238 118.90  31.93    35     2
38806  64.37  38.47   212    -5
38987  62.35  35.28   625     0
48372  99.80  17.10    50     0
59117 116.07  24.28   116     0
58557 120.08  29.33    90     1
57606 106.83  28.13   972     0
57091 114.30  34.78    73    -1
54064 125.15  44.38   170     4
54260 125.08  42.92   252     3
54363 125.90  41.68   402     1
53480 113.07  41.03  1419    -1
57483 113.13  30.67    31     1
58744 119.42  27.45   815     3
56106  93.78  31.88  4022     0
59673 112.77  21.73    21     1
53487 113.42  40.08  1052     1
53882 113.07  36.05   991     1
58633 118.90  29.00    82    -1
29393  99.53  57.65   220     2
38599  69.73  40.22   427     1
29726  81.88  54.37   132   -15
58667 121.27  28.08    95     4
58752 120.65  27.78    39     2
53723 107.38  37.80  1349     1
57028 107.32  34.03  1543    -4
57025 107.38  34.52   781     0
57030 108.15  34.70   994     0
58027 117.15  34.28    41    -1
57306 105.97  31.58   382     1
58927 117.02  25.05   376     0
51346  84.67  44.43   478     7
51567  86.57  42.08  1055     1
58314 116.32  31.40    86     1
58319 116.95  31.07    85     2
58414 116.32  30.43   105     2
58436 118.98  30.62    87     1
36259  88.67  50.00  1760    -4
56751 100.18  25.70  1990     3
54423 117.92  40.97   422     1
56227  95.77  29.87  2736    -1
30745 111.55  52.53   951     1
30975 119.07  50.33   521     1
31845 135.32  46.53   129   -13
31921 132.07  44.72    77    -3
31969 130.80  42.65    39     2
36092  93.90  52.13   852     8
30089 121.77  59.02   175    -3
31004 125.37  58.62   679     1
41756  61.80  25.07    57     0
31489 136.80  51.20    91    -3
41685  69.72  29.88  1098    -4
41535  73.25  34.18  1309    -4
41678  73.25  29.95   163     1
41696  66.58  29.03  2017    -2
36103  96.12  52.47   919    12
38062  65.50  44.85   130     2
29263  92.20  58.45    78   -12
29563  92.20  56.12   478   -15
30157 112.87  58.32   224     3
30504 100.63  54.60   522     8
36307  95.17  50.25  1100     2
31418 135.80  52.28   201    -5
48325  97.93  18.17   213     2
45045 114.30  22.17    60     0
38565  65.68  40.55   484    -3
38611  71.58  41.00   474    -3
38618  71.75  40.38   577    -1
38812  65.72  38.75   375    -1
48402 100.18  15.15    16     0
44288 102.78  46.27  1813     2
44224  96.02  48.77  1928     1
44266  93.90  46.32  2222    -2
47097 127.48  37.25    79     7
47150 126.55  36.32    16     5
47174 127.23  35.07    75     3
47189 126.55  33.23    50     3
48356 104.13  17.15   172     0
48381 102.78  16.45   193     0
47184 126.52  33.50    21     1
38613  72.95  40.92   765    -9
45007 113.92  22.30     7     0
48386 100.37  16.33    39     2
48387  98.93  16.75   867    -2
48354 102.80  17.37   178    -3
48377  99.00  17.23   144     0
48400 100.12  15.67    35     0
44265  91.47  46.12  1186     2
58519 116.68  29.00    40     1
55472  88.63  30.95  4672     2
54259 124.92  42.10   237     2
53663 111.82  38.92  1401    -2
50877 129.58  46.30   100     1
54823 117.00  36.60   170     1
56018  95.28  32.88  4066    -1
56065 101.60  34.73  3500     1
55681  90.40  28.97  4431    -1
53687 113.63  37.78   753     1
52754 100.13  37.33  3301     0
57381 113.33  31.62   116     2
59664 110.98  21.53    31     0
50844 123.45  46.40   138     3
50862 127.98  46.98   206    10
59092 114.82  24.92   206    -2
56223  95.83  30.75  3640    -2
55279  90.02  31.38  4700     2
55655  85.97  28.18  3810    -2
58527 117.20  29.30    61     1
59102 115.65  24.95   303    -2
57793 114.38  27.80   131     2
52833  98.48  36.93  2950    -1
56034  97.13  33.80  4415     1
53664 111.13  38.47  1012     0
52378 102.37  41.37   960     0
57741 109.18  27.72   282     5
57916 106.77  25.43   440     4
57642 109.63  28.70   325     4
57853 110.63  26.73   341     4
57872 112.60  26.90   104     1
52533  98.48  39.77  1477    -1
52797 104.05  37.18  1630    -1
52986 103.87  35.37  1893     2
56964 100.97  22.78  1302    -4
57633 108.77  28.82   826     6
55294  91.10  32.35  4800    -2
53195 113.63  43.85  1036     0
50632 121.92  48.77   739    -2
52267 101.07  41.95   940    -1
56182 103.60  32.67  2881     3
58944 119.78  25.52    32     2
59316 116.68  23.40     2     3
59317 116.30  23.03    14     2
51477  88.32  43.35  1103     8
51542  84.15  43.03  2458     8
51053  86.40  48.05   532    -2
51526  88.22  42.23   922     2
54916 116.85  35.57    51    -1
57647 109.18  28.15   406     6
55493  91.10  30.48  4200     4
58472 122.45  30.73    79     1
54237 121.75  42.07   167    -1
54346 123.78  41.32   185     3
54351 124.08  41.92   118     2
58158 120.48  33.20     3    -1
56151 100.75  32.93  3530     3
45039 114.20  22.40    12    -3
36104  95.57  51.47   705    10
42886  84.08  21.92   230     1
31959 135.85  44.37    33    -5
41600  74.53  32.50   256    -1
41759  63.48  25.27     6    -2
31123 130.90  57.77   254    -4
35746  61.65  46.78    62     8
30252 114.02  57.82   249     0
30815 103.60  51.53  1442     0
29562  91.67  56.10   331   -15
29766  92.15  54.35   281   -14
38725  69.67  39.43  2234    -1
38933  68.78  37.82   427    -3
43128  78.47  17.45   535     2
31474 133.27  51.63   384     3
31521 129.33  50.78   230     9
31832 134.27  46.80    67    -1
31285 134.42  54.50    61    -4
29430  84.92  56.50   139   -14
29736  84.20  54.33   198   -28
47003 130.40  42.32     3    -3
47058 125.78  39.03    36     1
47068 124.88  38.15     6    -4
38457  69.30  41.33   477    -3
38462  70.37  41.90  1255    -4
35497  72.87  48.85   656     1
38341  71.38  42.85   655    -5
30636 109.63  53.62   488     7
44304 110.63  47.32  1033     0
48355 104.05  17.12   192     1
48404 103.60  16.07   155    -1
59289 113.73  22.97    56     1
58138 118.52  32.98    40     2
57279 112.75  32.15   125     1
57583 113.97  29.92    61     2
58407 115.03  30.23    32     2
57378 112.57  31.17    65     1
51765  87.70  40.63   846     4
51804  75.23  37.77  3090     0
51573  89.20  42.93    34     2
51068  87.47  47.12   500     2
50349 124.40  51.67   501     7
56257 100.27  30.00  3948     1
52974 102.02  35.52  2491     1
58203 115.73  32.87    32     3
57131 108.97  34.43   410     0
31594 130.08  49.42   134     8
30879 119.62  51.32   619     1
30949 111.97  49.57   907     2
30965 116.52  50.40   675     1
31300 127.27  53.73   230     1
31484 135.08  51.42   268    -7
44243 106.67  49.75   676    -1
47099 126.75  37.88    30     6
47121 128.45  37.17   241     4
47135 127.98  36.22   245     3
47140 126.75  36.00    24     5
47172 126.58  35.33    56     5
53948 109.58  34.95   499    -1
57313 106.77  31.87   417     0
56187 103.87  30.75   547    -1
50247 123.57  52.03   514     1
50353 126.63  51.73   173     1
53915 106.67  35.55  1346     1
57290 114.02  33.00    82     1
57193 114.52  33.78    52    -1
52645  99.58  38.42  3320     1
50936 122.83  45.63   155     4
54041 123.07  44.80   150     4
54273 126.75  42.98   263    -3
56444  98.92  28.48  3319     1
58837 118.15  26.17   137     1
54623 117.72  39.05     4     1
38915  66.02  37.52   265    -3
38974  61.22  36.53   275    -3
29580  95.27  56.17   357   -10
48331 100.75  18.77   201    -2
48378 100.27  16.78    45    -1
38353  74.53  42.85   760    -5
54744 118.55  37.58     8     2
59845 109.58  19.52   169     1
55248  84.42  32.15  4414    -1
59663 111.97  21.83    89     0
59097 114.20  24.05   198     0
51232  82.57  45.18   336     2
57776 112.70  27.30  1265     2
57612 106.65  29.00   474     1
58665 121.42  28.62     4     2
54486 123.28  40.28    79    -2
53519 106.77  39.22  1092    -1
53705 105.68  37.48  1183     2
53735 108.80  37.62  1336     2
59948 109.58  18.22   419     3
53352 110.43  41.70  1376    -1
28255  63.68  58.05   102    11
28645  61.30  55.15   236    -4
28748  61.62  54.08   192    -4
28049  62.33  59.43   130    12
29602  76.75  55.30   111     2
29724  80.47  54.33   160    -9
29923  82.33  53.07   219   -16
29939  84.92  52.67   225   -20
45044 114.02  22.20    79    -1
45011 113.55  22.15   114     0
56043 100.23  34.48  3719    -1
56479 102.85  28.00  2132     0
56144  98.58  31.80  3184     2
58926 117.42  25.30   205     0
51334  82.90  44.60   318     3
54263 126.05  42.97   336     0
58118 116.52  33.27    26     1
58311 116.50  31.73    74     1
58437 118.15  30.13  1840     3
58520 117.72  29.85   142     1
56763 101.87  25.73  1120    -1
54606 115.73  38.23    19    -1
30731 108.28  52.98   491     2
30764 115.17  52.65   645     1
30859 114.52  51.10   681     0
36021  79.18  52.25   142    -6
36058  86.02  51.38   419   -10
47827 130.53  31.55    31     1
47945 131.23  25.83    20    -5
30862 116.03  51.87   597    -2
31915 131.38  44.40   211    -4
31981 133.07  43.97   187    -8
48303  99.87  19.95   393    -1
48379 101.15  16.43   116     1
30493 124.88  55.97   860    10
41598  73.72  32.93   234    -2
41768  69.78  25.52     6     1
43181  80.80  16.53    25     1
44218  91.57  48.02  1405    11
44275  98.08  46.83  2255     1
44284 100.13  46.70  2126     1
44302 112.12  47.78   926    -8
44347 105.32  44.42  1298     2
58600 115.37  28.87    78     1
57696 114.78  28.40    91     3
53975 112.40  35.48   659     0
57889 113.95  26.08   835     1
57729 107.88  27.23   622     5
59324 117.03  23.43     7     3
54115 118.03  43.63   825     3
58241 119.45  32.80     5     1
57545 109.42  29.53   502     5
57573 112.90  29.83    30     4
59644 109.13  21.45    12     3
50873 130.30  46.78    82     1
58715 116.65  27.58    80    -1
58705 115.42  27.33    85     1
52424  95.78  40.53  1170     0
52447  98.88  40.00  1270    -3
56116  95.60  31.42  3873     0
55690  91.95  27.98  4280    -4
57789 113.95  27.13   194     2
57598 114.58  29.03   146     3
58506 115.98  29.58  1164     5
53490 114.05  40.43  1014    -1
53673 112.72  38.73   828    -1
53602 105.67  38.83  1561     1
57926 107.88  25.42   428     0
56691 104.28  26.87  2237    -1
57574 112.40  29.37    36     1
57766 111.45  27.18   311     3
57965 111.60  25.53   192     1
57758 110.58  27.07   323     5
57874 112.40  26.42   116     2
53923 107.63  35.73  1421     0
56096 104.92  33.40  1079     1
52652 100.28  39.08  1461    -2
57493 114.33  30.35    73     3
57482 113.95  30.90    25     2
54094 129.60  44.57   241     0
56172 102.23  31.90  2664     0
57816 106.73  26.58  1223     1
57707 105.28  27.30  1510     0
56202  93.28  30.67  4488    -4
57718 106.73  27.10  1038     1
50973 130.60  45.75   234     3
53083 114.15  44.62  1181    -1
50639 122.73  48.00   306     6
56475 102.52  28.65  1659     0
56357 100.30  29.05  3727     3
58730 118.03  27.77   222     1
51469  87.18  43.45  1930     0
51241  83.60  45.93  1077    -7
51777  88.17  39.03   887     7
51656  86.13  41.75   931    -1
51330  81.02  44.97  1357    -3
55585  90.17  29.43  3809     4
53898 114.40  36.05    62     1
58457 120.17  30.23    41     1
58477 122.10  30.03    35    -2
54497 124.33  40.05    13     0
58251 120.28  32.85     3     0
56548  99.28  27.17  2326    -2
56991 104.33  23.62  1561    -1
59501 115.37  22.80    16     3
58358 120.43  31.07    16     2
57614 106.22  28.33  1180    -1
57494 114.05  30.60    23     2
54842 120.00  36.78    62    -1
52101  93.05  43.60  1677     1
56565 101.52  27.43  2545    -2
54470 122.07  41.02     5     0
59228 107.58  23.32   108     0
56748  99.18  25.12  1652     0
53754 110.22  37.50   929     0
53738 108.17  36.92  1331     0
50774 128.83  47.70   264     3
57077 111.65  33.78   742    -1
57297 114.05  32.13   114     2
56125  96.47  32.20  3643    -1
50949 124.87  45.08   136     2
54157 124.33  43.17   165     3
54181 127.33  43.70   295    -2
54386 128.18  41.42   775    -4
53276 112.90  42.40  1150    -2
57278 112.08  32.00   163     2
58818 116.63  26.23   358     0
56312  94.33  29.67  2991    -7
59485 113.40  22.50    33    -1
54324 120.43  41.55   174     1
54579 122.58  39.27    35     2
53817 106.27  36.00  1753     0
59209 105.83  23.42   794     4
53725 107.58  37.58  1360     1
53942 109.42  35.77  1155     0
58143 119.85  33.80     4     0
50788 131.98  47.23    66     2
50425 120.18  50.25   581    -2
54026 120.90  44.57   265     5
54134 121.28  43.60   241     1
53149 110.13  42.53  1225     2
57523 107.73  29.85   290     4
56188 103.67  31.00   698    -1
58734 118.12  27.33   196     0
59462 111.60  22.70    60     2
59116 116.70  24.33    81     3
51433  82.52  43.80  1105    -1
56533  98.67  27.75  1583    -1
56985 103.38  23.38  1300     0
54308 116.63  41.20   735     4
54518 116.40  39.17     8     0
54705 115.38  37.37    27    -4
38954  71.50  37.50  2075    -2
28240  60.07  57.88   260     4
29706  77.30  54.38   116     2
47005 128.30  41.82  1381     2
47008 129.82  41.78    43     1
47046 128.18  40.03    19    -5
38396  60.63  41.57   100     3
47061 128.18  38.73    34     0
28676  69.12  54.78   101    13
29807  75.45  53.35    94     2
35394  73.15  49.80   553    -4
36177  80.30  50.42   196   -13
48416 103.67  15.30   129     0
31478 133.98  52.27   902     1
47830 131.40  31.93    15     1
47887 132.78  33.85    34     3
28984  70.22  52.95   395     1
30635 109.02  53.42   460     1
30935 108.75  50.37   770     3
31735 135.18  48.52    76    -6
44210  90.35  49.60  1480    -2
44229  99.88  48.15  2055     1
44257 110.57  48.62  1050    -1
47129 126.48  36.77    30     3
47136 128.70  36.57   141     1
47143 128.62  35.88    65     1
47154 128.32  36.12    50    -1
47155 128.57  35.17    38     1
47157 127.90  35.67   222     1
47169 125.45  34.68    77     1
47188 126.87  33.38    19     2
47192 128.03  35.15    31     2
30957 113.27  50.27   732    -1
38799  62.80  38.08   185    -5
30637 107.73  53.32   461    -2
30393 124.87  56.83   858     9
41624  70.92  31.82   173    -1
31041 133.03  59.63   179    -2
31102 125.97  57.65  1204    -9
30323 105.80  56.80   325     9
28440  60.63  56.83   281     3
28661  65.42  55.45    73    11
29612  78.30  55.35   119     1
28552  63.65  56.07    89     4
29111  78.23  59.22    69    19
36982  78.23  41.88  3639    -6
41715  68.47  28.30    56    -1
41780  67.13  24.90    22    -2
42559  77.32  24.65   481     0
41573  73.38  33.92  2127     2
36022  80.33  52.02   208   -16
36038  82.17  51.15   354   -24
47662 139.77  35.68    36    -1
47678 139.77  33.12   156     0
47843 128.83  32.70    26     1
48373  99.85  17.15    54     0
48408 105.03  15.23   130    -2
41725  68.90  27.67    68    -2
41785  68.90  24.63    11    -2
36078  90.20  51.00   983   -52
42737  70.78  22.30   138     1
38069  66.75  44.17   153     6
38196  68.90  43.55   822     6
42452  75.85  25.15   279    -1
29379  94.55  57.20   164   -16
30028 106.17  59.28   351    -4
44213  94.40  49.65  1232     1
44225  98.20  48.73  1723     2
44256 114.40  49.55   705     3
44317 115.37  45.90  1076    -5
30328 105.83  56.05   338    10
29471  93.17  56.88   179   -15
29864  90.37  53.72   525     0
43150  83.30  17.68    69    -1
43185  81.15  16.20     9     0
31442 127.65  51.98   280     6
48310  99.88  19.18   398    -2
48357 104.78  17.42   147     0
48405 103.65  16.05   142    -1
45032 114.15  22.52    14    -5
58718 116.53  27.22   111     1
54266 125.63  42.53   340     1
50945 124.27  45.50   137     2
54165 125.63  43.55   219     5
54374 126.88  41.80   379     0
57866 111.62  26.23   172     2
57259 110.77  32.03   426     1
56671 102.25  26.65  1787    -3
57922 107.55  25.83  1013     3
57106 106.15  33.32   794    -2
59271 112.43  23.63    57     0
56004  92.43  34.22  4533     0
55589  90.98  29.30  3555     6
53578 112.43  39.37  1114     0
52818  94.92  36.42  2807     1
50888 132.18  46.32    83    -3
51633  81.90  41.78  1229     2
56137  97.17  31.15  3315     1
55299  92.07  31.48  4507     0
58606 115.92  28.60    46     1
54012 117.60  44.58  1001    -1
57845 109.78  26.17   397     4
57752 110.60  27.92   204     6
57857 110.32  26.37   477     4
52889 103.88  36.05  1517     0
53821 107.30  36.57  1255     0
52681 103.08  38.63  1367     0
57256 110.78  32.65   286     1
59037 108.10  23.93   170    -1
59107 115.28  24.12   179     1
56196 104.73  31.45   522    -2
58843 120.02  26.88    56     5
51810  77.63  38.92  1178    -5
56317  94.22  29.22  2950    -1
52955 100.73  35.58  3120    -1
54776 122.70  37.40    47     2
56074 102.08  34.00  3471     1
54452 119.82  40.80   365     1
57912 106.63  26.13   990     1
53336 108.52  41.57  1288     1
56374 101.97  30.05  2615     4
56459 101.27  27.93  2426    -1
56152 100.33  32.28  3893    -1
56462 101.50  29.00  2925    -1
58102 115.77  33.87    37    -2
58754 120.20  27.33    36     4
59134 118.07  24.48   139     5
51705  75.25  39.72  2175    -3
51811  77.27  38.43  1231    -2
54725 117.53  37.50    11     2
44203  99.67  51.12  1583     4
44207 100.15  50.43  1668     2
44215  91.72  49.02  1590    11
44305 113.28  46.68   981    -1
48380  99.52  16.48    81    -1
29846  86.88  53.82   309   -15
36061  87.12  52.25   326   -11
29209  77.22  57.80    99    16
36064  87.60  51.77   480    -9
47936 127.68  26.20    50    -2
30499 124.67  55.18   528     5
31348 136.03  53.05   153    -1
31587 128.65  49.62   114     4
31632 134.63  49.93   283    -4
31702 131.08  49.00   267     7
47039 126.25  40.17   155     0
47055 127.43  39.18    36     1
35078  68.37  51.82   304     2
36821  76.27  44.83   396    -3
36859  80.07  44.17   645    -4
38222  73.78  43.70   456   -10
30844 110.47  51.37   801     3
31532 132.25  50.87   271     4
47675 139.35  34.73    75     0
38705  67.60  39.50  1015    -2
38715  68.58  39.57  3143    -5
38851  70.30  39.00  1316    -1
47765 132.47  34.40    54     1
47817 129.87  32.73    35     1
47927 125.28  24.80    41     2
36686  76.87  46.55   349    -6
38687  63.60  39.08   190    -4
38886  60.52  37.38   186    -5
31011 127.05  59.67   278     7
38413  64.62  41.73   236     1
38683  64.62  39.72   224    -3
38927  67.32  37.28   311    -1
44259 114.55  48.08   747     1
59954 110.03  18.55    35     2
59985 111.62  16.53     4     0
59855 110.47  19.23    24     1
57731 108.25  27.95   416     4
57355 110.37  31.03   334     1
53068 111.93  43.63   963     1
54102 116.12  43.95  1003    -1
58141 118.93  33.63    12     1
56739  98.50  25.02  1654    -1
51931  81.65  36.85  1422     0
57051 111.20  34.80   409     1
59453 110.12  22.67   121     3
59254 110.08  23.40    42     2
53646 109.78  38.27  1157     0
53651 110.47  38.82  1098     0
44292 106.87  47.92  1729     2
44354 110.12  44.90   938     3
48333 100.73  18.85   265    -2
48384 102.82  16.33   166     0
57503 105.12  29.62   349     1
56079 102.97  33.58  3441     5
52674 101.97  38.23  1976     2
52446  99.52  40.30  1177    -1
57071 112.43  34.82   333     1
52633  98.42  38.82  3367     1
54161 125.22  43.90   236     5
54186 128.20  43.37   524     1
54286 129.00  42.53   475     4
57439 108.93  30.28  1074     6
57251 110.42  33.00   249     1
58847 119.28  26.08    84     4
59321 117.50  23.78    53     4
58918 116.42  25.05   198     0
59838 108.62  19.10     7     1
30669 117.48  53.07   707     0
30829 106.63  51.10   556     1
31939 133.87  44.15   258   -12
41675  71.43  30.20   123    -1
41764  68.42  25.38    30    -1
44254 111.62  49.03   987    -1
44348 108.25  44.40  1308    -1
47098 127.05  37.90   110     6
47131 127.43  36.63    58     7
47156 126.88  35.17    73     3
55680  89.60  28.92  4040    -1
59082 113.60  24.67   121     0
51156  85.72  46.78  1291    -3
51704  76.17  39.72  1298    -3
51437  81.13  43.15  1851    -3
53564 111.15  39.38   861    -1
58130 117.95  33.93    23     1
54454 120.30  40.33    29     2
54471 122.17  40.65     3     0
54584 122.95  39.72    34     0
59632 108.62  21.95     4     1
54349 124.13  41.30   258    -1
57046 110.08  34.48  2064     0
57238 107.90  32.53   693    -1
50468 127.45  50.25   166     2
43105  84.13  18.33     7    -2
42667  77.35  23.28   521     1
42779  81.90  22.77   625     1
42874  81.65  21.23   296     0
42809  88.45  22.65     6     0
42895  86.93  21.52    18     0
47101 127.73  37.90    78     5
47138 129.37  36.02     3     2
47168 127.73  34.73    65     1
36974  76.00  41.43  2041     0
56167 101.12  30.98  2957     1
51358  85.82  44.28   468     8
56046  99.65  33.75  3967     2
58326 117.83  31.58    30     0
58338 118.58  31.15    17     1
56664 101.27  26.63  1230     0
54429 117.95  40.20    54     0
57803 106.02  27.03  1231    -1
29276  94.73  58.17   170   -11
28756  64.87  54.47   117     3
41515  71.78  35.57  1465     0
41749  68.37  26.25    38     1
41508  71.85  35.20  1370    -3
41523  72.35  34.73   951    -5
41700  71.78  29.40   113     2
29023  81.95  59.85    76    16
29328  82.05  57.00   110    -5
29605  76.02  55.22   112     3
47014 126.88  41.78   331    -1
47028 124.93  40.45    76    -3
43003  72.85  19.12    14     1
30971 117.93  50.92   806    -1
36864  75.25  43.53   743    -4
38334  70.30  42.48   808     0
31909 136.60  45.00    61    -1
42165  73.30  28.00   224    -2
42361  78.25  26.23   207    -1
29576  94.30  55.82   375   -14
29561  90.32  56.03   255   -18
29866  91.70  53.72   254    -8
48330 100.15  18.12   162    -1
44282 101.47  47.45  1691     3
44287 100.68  46.13  1859    -2
44341 106.28  45.77  1393     2
44352 112.37  45.73  1101     0
48352 102.73  17.85   175     1
54405 115.50  40.42   570     1
51133  83.00  46.73   534    -7
51379  89.57  44.02   793    11
57432 108.40  30.77   186     3
57512 106.28  29.97   230     3
57536 108.78  29.53   607     5
54493 124.78  40.72   260     0
54660 121.23  38.82    66     3
54662 121.63  38.90    91     2
53615 106.70  38.80  1101     0
53704 105.18  37.53  1225     0
53810 105.90  36.97  1339     2
59065 111.50  24.42   148     0
57124 106.93  33.63  1032     0
53955 110.45  35.47   458     0
57134 107.98  33.52   827    -1
30127 105.73  58.23   438    13
57232 108.27  33.05   484    -3
53854 110.07  36.58   804     0
58345 119.48  31.43     5     0
50983 132.97  45.77   100     0
52112  95.13  43.77   479     2
53593 114.57  39.83   909    -1
53698 114.35  38.07   103    -1
54311 117.77  41.97   892     5
31987 133.02  43.15   207    -4
54436 118.95  40.42   254     0
57840 109.20  26.90   401     4
31825 138.40  47.60   164     4
35796  75.08  46.80   350    -8
30664 115.62  53.53   811     1
30822 105.85  51.70   467     4
47570 139.92  37.48   216     0
47655 138.20  34.60    46    -3
47815 131.62  33.23    13    -5
30433 109.57  55.78   479     1
30054 112.58  59.45   190     2
41620  69.47  31.35  1407     1
41640  74.33  31.55   215    -1
30692 123.97  54.00   397     0
31512 127.55  50.25   132     5
31707 130.97  47.73    72     0
30198 123.72  58.07   416     6
31062 137.67  59.77   383     1
29313  79.42  57.55    95     9
28144  60.78  58.87   125     8
28666  67.30  55.25   140    10
31174 137.53  54.83     9    -1
28655  63.32  55.23   177     1
41560  70.08  33.87  1726     3
41630  73.10  31.43   184    -3
47600 136.88  37.38     6    -1
47807 130.37  33.57    15    -1
47909 129.50  28.38     8    -3
42647  72.63  23.07    56     3
29664  90.83  55.08   325   -20
35849  62.12  45.77    68     8
35969  67.07  45.25   138     7
42369  80.88  26.75   124    -5
29274  93.03  58.07    89   -13
29282  97.45  58.38   133    -6
29477  93.27  56.48   164   -17
29570  92.75  56.03   276   -12
30230 108.07  57.77   258    13
30521 105.17  54.80   418    12
29367  90.67  56.97   180   -15
29467  90.52  56.28   257   -14
29594  98.00  55.95   306     3
29956  89.92  52.80   449    -7
30622 105.90  53.97   521    12
43198  74.62  15.85   755     5
43201  75.63  15.42   669     0
31534 131.02  50.43   273     6
31713 132.95  48.73    77     3
58626 117.25  28.32    60     0
53764 111.10  37.50   950     0
53853 110.95  36.70  1052     0
53877 112.25  36.17   860     1
54049 123.97  44.25   188     0
58034 118.32  34.60    36    -1
58622 117.58  28.95    88     0
52895 104.68  36.57  1398     1
59981 112.33  16.83     4     0
50656 126.50  48.27   277     1
55696  92.47  28.42  3860    -2
58813 116.33  26.85   143     1
52943  99.98  35.58  3323    -5
57806 105.90  26.25  1431     0
57554 110.17  29.40   322     5
57974 112.37  25.58   214     0
57671 112.37  28.85    37     2
57581 113.45  29.82    27     2
57049 109.73  34.52   341     1
57206 105.85  32.43   513     1
57517 106.25  29.28   261     2
44231 100.17  49.63  1283     2
38598  69.82  40.27   347     1
38713  68.98  39.90  1004    -3
38734  70.20  39.45  2561    -4
38878  73.97  38.17  3576    -3
38957  71.60  36.72  2523    -3
44217  89.52  48.28  2148    -5
44219  95.00  47.63  1391     0
44386 109.20  43.10   995     2
47090 128.55  38.25    19    -1
47152 129.32  35.55    35     2
47162 128.43  34.83    34     1
47173 127.32  35.40    91     4
47185 126.15  33.28    75     1
48327  98.97  18.77   314    -1
57805 105.77  26.68  1319    -1
56571 102.27  27.90  1590     2
53868 111.50  36.07   449    -2
57902 105.18  25.43  1378     1
54472 122.72  40.88    25     1
54563 122.02  39.63   118     1
50246 124.72  52.35   361     3
54096 131.17  44.38   567     3
54326 119.70  41.38   422     2
53399 114.70  41.15  1393    -2
50527 119.70  49.25   649    -2
58015 116.33  34.45    44    -2
59293 114.73  23.80    70    -2
59304 115.18  23.63   176     0
51087  89.52  46.98   807     1
54863 121.18  36.78    40     1
57825 107.98  26.60   720     5
55437  81.25  30.28  3900    -2
58448 119.70  30.22   117     2
50745 123.92  47.38   147     0
50834 121.22  46.60   499    -1
57052 110.45  34.88   354    -1
53772 112.58  37.62   776    -1
56543  99.70  27.83  3276     2
56946  99.40  23.55  1104     2
57932 108.53  25.97   285     3
54406 115.97  40.45   487    -1
57359 110.73  31.35   336     1
54764 121.23  37.48    53     0
54945 119.53  35.43    36     0
57211 106.25  32.83   836     1
51711  78.45  40.93  1985    -1
58208 115.62  32.17    42     2
57156 111.50  33.30   250     1
57328 107.50  31.20   344     4
58343 119.98  31.88     4     1
58225 117.67  32.53    69     2
59446 109.30  22.42    66     6
29418  78.35  56.33   126     3
29631  82.73  55.32   146   -12
47016 128.17  41.40   714    -3
47031 127.25  40.37  1080    -2
47041 127.55  39.93    22    -5
47050 125.65  39.62    27    -1
47075 127.28  38.42   352     7
56247  99.10  30.00  2589     0
57712 106.95  27.73   983     1
57089 113.93  34.07    67    -2
57178 112.58  33.03   129     2
58111 116.45  33.97    32    -3
53986 113.88  35.32    73    -1
57083 113.65  34.72   110    -1
54292 129.50  42.87   257    -4
50548 123.72  49.20   286    -1
58921 117.35  25.97   206     0
58737 118.32  27.05   154     1
59849 109.83  19.03   250     2
55664  87.08  28.63  4300    -2
59072 112.37  24.80   131    -1
57996 114.25  25.08   149    -2
44212  92.08  49.80   939    -3
44232 102.70  49.38   938     0
56342  98.60  29.68  3870     0
53588 113.52  38.95  2208     0
54142 123.53  43.50   114     1
57682 113.57  28.72   106     3
57841 109.67  26.57   320     4
50953 126.57  45.93   118     7
57245 109.03  32.72   290    -2
54909 115.52  35.08    51    -2
59626 107.97  21.53    21     1
51076  88.08  47.73   735    -2
53968 111.67  35.28   505     1
52765 101.62  37.38  2850     1
52602  93.33  38.75  2770     2
59647 109.10  21.03    55     3
50968 127.97  45.22   189    -2
57896 114.50  26.33   126     1
57411 106.10  30.78   309     1
58806 116.02  26.48   209     0
57799 114.92  27.05    71     1
52707  93.68  36.80  2767    -2
53529 107.97  39.08  1381     1
53543 109.98  39.83  1461     0
57710 106.40  27.80   890    -2
56793 104.47  25.72  1800     1
57906 106.08  25.18   566     2
57761 111.30  27.75   211     4
52418  94.68  40.15  1139     5
52679 102.67  37.92  1531     1
57461 111.30  30.70   133     1
56684 103.28  26.42  2110     0
56977 101.85  22.58  1120     1
56986 103.68  22.98  1414     1
59007 105.07  24.07  1249     1
56287 103.00  29.98   627    -1
54525 117.28  39.73     5    -1
50557 125.23  49.17   242    -3
43221  80.08  15.48    22     1
42933  77.03  20.70   282     1
57910 106.08  25.77  1197     2
59631 108.35  21.78    32     1
58820 117.17  26.90   342     0
59126 117.65  24.50    28     3
58637 117.98  28.45   118    -1
58464 121.08  30.62     5     1
59046 109.40  24.35    96     0
51716  78.57  39.80  1116    -2
51365  87.53  44.20   440     5
54236 122.55  42.38    79     2
54339 123.00  41.08    77     3
54226 120.70  42.33   400     9
54218 118.83  42.30   668     3
52657 100.25  38.18  2787     2
56586 103.72  27.35  1949     0
42971  85.83  20.25    49     1
31152 136.15  57.65   318     1
29557  88.30  55.75   211   -23
29915  78.65  52.97   125    -4
59294 113.83  23.33    30     1
59087 113.52  23.88    97     0
51467  86.33  42.77  1732     5
51238  82.07  44.90   531     2
51495  91.73  43.22   721     5
51709  75.98  39.47  1289    -3
51059  85.87  47.43   984    -8
51581  90.23  42.85   398     2
53614 106.20  38.47  1110     2
53910 106.20  35.67  2841     3
50854 125.32  46.38   149     4
58911 116.37  25.85   310     1
56146 100.00  31.62  3393     1
59211 106.60  23.90   174     0
59265 111.30  23.48   114     2
42634  69.80  23.25   117     0
42840  72.83  21.20    10     1
42921  73.82  19.97   601     1
43192  73.82  15.48    64     1
38328  69.70  42.32   604    -2
38439  68.00  41.37   275    -2
57947 109.40  25.22   121    -2
56959 100.78  22.00   582     1
59431 108.22  22.63   121     0
57143 109.97  33.87   742     0
56492 104.60  28.80   340     0
57067 111.03  34.05   568     0
54063 126.00  44.97   196     4
54285 128.12  42.42   721    -1
50618 118.27  48.22   642    -2
53513 107.37  40.73  1041     1
54715 116.57  37.32    18     1
59758 110.25  20.00    63     1
55773  89.08  27.73  4300    -5
55228  80.08  32.50  4278    -1
59488 113.57  22.28    51     0
59658 110.30  21.15    53     2
52118  94.70  43.27  1728     1
51655  86.27  41.35   884     3
58646 119.92  28.45    59     2
58760 121.15  27.83    68     3
54334 121.25  41.52    74     2
57957 110.30  25.32   164     0
57034 108.22  34.25   447     0
53845 109.45  36.58  1180    -1
58135 118.22  33.48    16     3
57595 114.50  29.60    76     2
59113 116.72  24.73   226     1
56838  97.85  24.00   762    -1
53798 114.50  37.07    77    -1
54401 114.92  40.77   772     3
29937  82.77  52.52   175   -19
36034  81.18  51.57   219   -17
47020 126.60  40.97   306     0
54539 118.88  39.43    10     2
47022 128.15  40.82  1200     2
47052 126.65  39.22   279     3
47070 126.57  37.97    70     3
35067  66.33  51.88   221     7
36003  76.93  52.30   122    -4
36397  81.22  49.22   455   -13
36639  81.62  47.12   491   -20
36870  76.93  43.23   851    -6
30925 106.45  50.35   797     1
31371 126.00  52.78   209     2
31655 136.57  49.45    37    -2
47604 139.05  37.92     7     0
47624 139.05  36.40   114    -3
47636 136.95  35.17    56    -2
47741 133.05  35.45    22    -1
47800 129.30  34.20     4     3
35173  69.80  51.62   305     4
30372 118.27  56.90   710    -9
30554 113.57  54.43   902     2
31329 132.93  53.08   542     0
31416 136.50  52.42    70    -4
31561 137.03  50.53    21     1
30173 119.80  59.00   198    -7
31026 130.62  58.73   197    -5
29203  76.50  58.57    80    16
29231  82.95  58.32    75     7
29332  83.75  57.57   112    -2
29638  82.95  54.90   131   -15
29838  83.52  53.43   185   -24
29654  87.63  55.20   498   -17
36229  85.62  50.27   977    -7
42339  73.02  26.30   221    -1
29363  92.27  57.62   179   -12
29698  99.03  54.88   411     6
29485  96.05  56.67   244    -9
29566  92.27  55.93   274   -13
29653  89.82  55.30   387   -13
30337 107.62  56.32   356     4
30603 102.05  53.93   458     6
30612 103.07  54.00   426     8
30627 105.53  53.10   761     1
36090  93.68  51.12  1042     3
31960 131.92  43.12   188     0
30683 121.93  53.97   521     3
31445 128.12  51.45   200     7
31725 133.83  48.62    52     0
45035 113.98  22.47    35    -1
38579  67.83  40.12   343    -4
38583  68.68  40.82   263     0
48413 101.10  15.65    69    -1
44291 106.75  47.85  1272     4
44329  99.27  45.38  2219     0
44338 102.17  44.70  1519     4
47095 127.30  38.13   155     8
47114 127.93  37.33   150     5
47137 128.15  36.40    97     3
47145 127.12  36.77    25     7
47171 126.85  35.55    46     5
48300  97.97  19.28   274     0
47159 129.02  35.10    70     2
47165 126.37  34.82    39     3
38345  72.22  42.52  1218    -8
48328  99.50  18.27   243    -1
48376  99.13  16.87   126     0
44230 102.00  49.57  1235     0
44298 108.22  46.45  1286     0
44313 118.62  47.62   688    -5
44336 103.90  45.45  1316     0
48329  99.03  18.55   298     2
54342 123.52  41.73    49     0
54476 122.15  40.17    20    -2
53884 113.03  36.52   877     0
57662 111.68  29.12   150     0
56080 102.90  35.00  2910     1
52983 104.15  35.87  1874     2
47060 125.38  38.72    47    -2
56693 104.87  26.58  1815     1
50963 128.73  45.97   108     0
54808 115.63  36.23    37    -1
51720  79.05  40.50  1161    -3
52836  98.10  36.30  3189     1
51818  78.28  37.62  1375    -1
28766  66.97  54.37   151    17
28867  65.55  53.32   216     8
28966  66.97  52.82   227     8
35085  70.95  52.00   384    -2
52876 102.83  36.33  1813     0
50955 126.30  45.38   166     2
57625 107.45  28.55   679     4
52996 105.02  35.38  2450     1
51060  86.87  47.70   473     0
54774 122.13  37.47    65     2
52576 101.68  39.22  1510    -8
57907 104.90  25.08  1299     0
57839 109.15  26.23   568     3
57972 113.03  25.80   184     0
57779 113.35  27.00   102     1
57679 112.78  28.12   115     2
56093 104.02  34.43  2315     1
57014 105.87  34.57  1085     1
50756 126.97  47.45   239     3
36428  84.52  49.20   401    -8
36535  82.37  48.75   512   -14
30650 112.78  53.20   922     1
31388 129.92  52.35   207     7
31624 133.23  49.40   201     5
28978  68.75  52.53   398     7
30758 113.48  52.08   670     3
52546  99.83  39.37  1332    -1
57395 114.12  31.57    74     0
56856 100.87  24.47  1162     2
54727 117.55  36.68   121     0
56251 100.32  30.93  3000     1
54528 117.13  39.23     3     1
52868 101.43  36.03  2237     1
53859 110.67  36.10   851    -1
57604 105.38  28.78   368     0
52884 103.95  36.35  1668     0
54337 121.12  41.13    65     1
54365 125.35  41.28   245     2
50727 119.93  47.17   997    -1
55572  89.10  29.68  4000    -3
56228  96.92  30.05  3260     1
31733 135.88  48.82    58    -8
50434 121.68  50.48   732    -1
54213 119.02  42.93   634     3
58215 116.78  32.43    25     0
58936 118.70  25.37    77     6
59493 114.00  22.53    63     0
51639  82.78  41.23   980    -1
51828  79.93  37.13  1375    -2
58150 120.25  33.77     2     0
55578  88.88  29.25  3836     3
58543 119.02  29.62   171     1
50853 126.97  46.62   179     4
50603 116.82  48.67   554     0
56778 102.65  25.00  1888    -1
59456 110.93  22.35   141     3
52661 101.08  38.80  1765    -1
29551  87.68  56.18   144   -17
29768  91.58  54.18   252   -10
57458 110.67  30.20   619     1
57476 112.15  30.35    31     2
56386 103.75  29.57   424     0
59058 110.52  24.20   145    -1
57048 108.72  34.40   472     0
57037 108.98  34.93   710     1
56385 103.33  29.52  3047     1
57722 107.47  27.77   792     3
52856 100.62  36.27  2835    -1
54276 126.80  42.40   570    -8
58500 115.20  29.85    45     2
57447 109.47  30.28   457     3
54527 117.05  39.08     3     0
58362 121.45  31.40     5    -1
56307  92.58  29.15  3260     0
31016 128.50  58.63   230    11
59287 113.48  23.22    70     2
51470  88.12  43.88  1942     0
54416 116.87  40.38    71     1
58047 119.23  34.25     4    -1
58549 119.65  29.12    62     1
58553 120.82  30.05     6     1
58556 120.82  29.60   104     2
58652 120.72  28.87    83     2
54353 125.05  41.73   328    -3
53903 105.72  35.97  1916     2
57144 109.15  33.43   693    -1
58265 121.60  32.07     3     1
58356 121.00  31.40     3    -1
53391 114.00  41.90  1482    -1
53362 111.68  41.53  1490     0
31137 131.13  56.28   849    -3
41660  66.88  30.25  1589    -1
42867  79.05  21.10   310    -1
56038  98.10  32.98  4200     0
58931 118.10  25.72  1653     5
59478 112.78  22.25    32     0
51642  84.27  41.82   982     3
52313  94.67  41.53  1573     0
56651 100.22  26.85  2380     1
56768 101.55  25.03  1824    -1
54534 118.10  39.65    23     0
54618 116.55  38.08    13     0
30838 108.87  51.32   805     2
31989 133.90  42.90    42     0
31961 131.97  43.88    36    -4
41710  62.75  28.82   683    -2
41744  66.63  27.83  1232    -3
41506  71.83  35.85  1500    -1
41746  68.13  26.85    47    -2
30686 122.40  53.47   294     9
30961 115.58  50.95   639     0
42379  83.37  26.75    77     0
30710 104.32  52.27   469     0
29581  95.63  56.20   202    -7
29752  88.82  54.75  1188   -10
29869  92.40  53.27   297    -3
43086  79.43  18.77   160    -2
43213  78.07  15.80   289     1
31295 125.82  53.47   363     2
31801 136.18  47.67   180     3
38744  71.87  39.28  1198    -6
38836  68.73  38.58   800    -4
38875  73.55  39.02  3930    -1
38951  71.55  37.95  1981    -4
44237 101.38  48.53  1509     1
44239 103.55  48.80  1208     1
44294 107.48  47.30  1430    -1
44314 115.63  47.17   907    -7
38178  64.33  43.15   236     8
38403  62.47  41.75    97     4
44214  89.93  48.93  1715    -3
44277  96.25  46.40  2181    -3
48307 100.87  19.40   334     0
44242 105.40  49.15   748    -2
44263  91.08  46.92  1951     3
44286 104.15  47.15  1363    -4
44374 101.03  43.23  1726     0
44385 107.18  43.18  1114    -2
47102 124.62  37.95   146     0
47127 127.95  36.97   116     7
47170 126.70  34.38    36     1
47175 126.32  34.47   477     0
48375  98.53  16.70   197    -1
48407 104.87  15.25   123    -2
47105 128.88  37.75    27     1
47115 130.88  37.47   224     1
38616  72.90  40.70   868    -4
48360 102.42  17.22   228     1
