diamond  3 2013年12月21日05时地面变温                        
  13  12  21  05 1000 0 0 0
39 122.7 37.3 122.5 36.7 120.8 36.2  119.3 35.0 120.4 34.3
 121.1 32.7 122.3 30.9 122.5 30.1  121.5 28.0 119.8 25.0
 116.1 22.6 111.0 21.0 111.0 18.6  109.6 18.1 108.3 18.5
 108.9 19.9 109.3 21.0 106.4 21.6 104.1 22.2 101.6 20.8
 98.7 22.0  97.1 24.1  97.7 27.0 91.7 26.6  85.7 27.7
 78.9 30.6  73.3 37.1  74.1 40.7 87.6 49.8  98.5 43.9
 110.4 44.3 122.0 54.7 135.7 48.3 131.5 42.2 125.2 39.4
 121.3 38.5 121.2 40.3 118.5 38.6 120.8 38.1
1  1425
29122  80.83  59.05    57    -1
56331  97.83  29.67  3780     0
57780 113.17  27.87    74     0
42571  80.83  24.57   316     0
42675  79.95  23.20   398    -3
43041  82.03  19.08   554     1
43189  82.23  16.95     7     1
57745 109.68  27.45   272     2
50442 124.12  50.40   371    -2
57154 110.90  33.53   523    -1
57343 109.53  31.90   995    -1
53231 106.38  41.45  1510     5
53192 114.95  44.02  1126    -1
52984 103.18  35.58  1917    -4
59417 106.85  22.33   128     1
56067 101.48  33.43  3628     2
52866 101.75  36.73  2295    -5
58402 115.67  30.73   123    -2
57358 110.97  30.83   295    -2
57673 112.88  28.68    53    -1
53863 111.92  37.03   743     2
50742 124.48  47.80   162     1
44216  93.10  48.82  1051    -6
44325  96.77  44.93  1182    -2
31054 135.15  59.18   212    -3
29625  80.97  55.10   141     1
29822  81.27  53.82   129     1
31253 128.87  54.72   364    -1
30695 123.90  53.47   265    -1
31527 129.47  50.12   239    -3
30309 101.75  56.28   416     2
53463 111.57  40.85  1153     0
53446 109.88  40.53  1004     0
56173 102.55  32.80  3491     5
57774 112.17  27.45   100     0
57584 113.08  29.38    53    -2
53478 112.45  40.00  1345     2
53502 105.75  39.78  1031     5
56875 102.55  24.33  1716     1
56886 103.77  24.53  1704     5
58005 115.67  34.45    50     0
59021 107.03  24.55   509     1
53775 112.53  37.43   781     0
56128  96.60  31.22  3810     1
57894 114.17  26.58   843    -1
44373 104.42  43.58  1465     0
48324  99.23  17.63   192    -1
48401 100.52  15.33    93     0
38696  66.95  39.63   725     2
44241 106.07  48.92   807    -1
44272  96.85  47.75  1759     0
44285 102.77  46.90  1662    -5
44358 111.90  43.73   964     1
58634 118.25  28.68   116     1
57399 114.95  31.13    74    -3
57655 110.40  28.47   151    -1
57687 112.92  28.22    68     0
58846 119.52  26.67    32     0
59754 110.18  20.33    55     3
51886  90.85  38.25  2944    -5
58354 120.35  31.62     3    -1
50978 130.92  45.30   272    -2
54751 120.73  37.93    39     2
54929 117.97  35.27   121     0
58562 121.55  29.78     5     2
58569 121.95  29.20   128     0
59280 113.08  23.72    79     2
36911  75.28  42.83   817     2
48383 104.72  16.53   139    -1
59298 114.37  23.07   108     3
59303 115.75  23.92   135     3
58221 117.30  32.85    26    -5
58236 118.25  32.35    33    -4
58424 116.97  30.62    62    -1
58429 117.85  30.98    11    -2
51855  85.55  38.15  1247     2
54377 126.22  41.15   225    -2
54254 124.05  42.53    98    -9
54335 122.08  41.68    37    -6
56485 103.58  28.27  1255     0
59218 106.42  23.13   739     1
58040 119.13  34.85     5     1
58255 120.57  32.37     6    -1
58259 120.98  32.08     4    -1
47108 126.95  37.57    87     2
47133 127.37  36.37    69     2
48353 101.72  17.45   254     1
29974  93.23  52.80  1398     1
36278  90.42  50.37  1850     1
47100 128.72  37.67   773     3
47104 128.85  37.80    80     2
47106 129.12  37.50    41     5
47112 126.62  37.47    69     1
47119 126.98  37.27    37     2
47130 129.40  36.98    51     7
47146 127.15  35.82    54     0
48351 100.08  17.62    64     0
48315 100.80  19.12   236    -1
48385  98.85  16.02   460     1
48390 103.58  16.32   140     3
48418 101.18  15.27    51     0
50915 116.97  45.52   838    -4
58731 118.53  27.92   276     0
58834 118.17  26.63   152    -1
54836 118.17  36.18   305     1
58450 120.05  30.87     7    -1
57348 109.53  31.02   299     1
57426 107.80  30.68   454     1
57502 105.70  29.70   394     1
45004 114.17  22.30    66     2
45005 114.17  22.30    40     2
52825  96.43  36.43  2790    -7
47025 129.20  40.67    23    -8
47035 124.38  40.10     7     1
47065 125.77  38.52    52    -2
57516 106.47  29.58   259     1
57520 107.07  29.83   377     2
56029  96.97  33.00  3716     2
56643  98.85  25.87   949     2
54027 119.40  43.98   486    -2
54135 122.27  43.60   178    -6
54208 116.47  42.18  1245    -6
56021  95.80  34.12  4175    -2
56666 101.72  26.58  1224     0
57237 108.03  32.07   674     4
56786 103.83  25.58  1898     4
56951 100.08  23.88  1502     1
56966 101.98  23.60   400     5
54624 117.32  38.40     4     1
57445 109.72  30.60   609    -2
38545  62.28  40.47   142     5
38911  65.20  37.83   240     4
31873 133.73  45.87   104    -1
28541  60.30  56.08   398    -2
51367  86.82  44.13   522    -3
58725 117.47  27.33   218    -2
59133 118.92  24.90    21     0
58608 115.55  28.07    30     0
54843 119.20  36.75    22     2
59023 108.03  24.70   260     1
58666 121.90  28.45    86    -1
58742 119.55  28.12   163    -1
54243 124.12  42.78   165    -6
53612 106.18  37.98  1128    -2
57127 107.03  33.07   509     0
58321 117.30  31.78    27    -2
50838 122.05  46.08   274     0
50514 117.32  49.58   661     0
50136 122.52  52.97   433    -2
30385 121.50  56.58   425    -3
38856  70.88  38.47  1288     2
38944  69.38  37.48   447     3
28879  69.38  53.28   229   -26
56434  97.47  28.65  2327    -3
53929 107.80  35.20  1206    -3
57832 108.67  26.97   626     4
57649 109.68  28.23   254     1
59278 112.45  23.03    41     1
51730  81.27  40.55  1012     0
52203  93.52  42.82   737     2
51747  83.67  39.00  1099    -2
51186  90.38  46.67  1218     1
51644  82.97  41.72  1081    -1
54511 116.47  39.80    31     2
57181 113.05  33.88   136     1
54449 119.52  39.85     2     1
54602 115.48  38.73    16    -2
54284 127.50  42.15   774     1
35671  67.72  47.80   346    -1
35953  64.08  45.50   103    -3
36208  83.55  50.33   811     3
38198  68.22  43.27   207     1
35699  74.82  47.45   620    -1
31005 126.27  58.97   283    -5
29636  84.38  55.22   172     2
51463  87.65  43.78   935    -3
58531 118.28  29.72   142    -2
50658 125.88  48.05   236     0
56969 101.58  21.47   633     3
47891 134.05  34.32    14     2
30526 107.07  54.48   650     2
47740 133.33  36.20    32     3
30846 112.47  51.35   743    -1
47778 135.75  33.45    69     2
47918 124.17  24.33    14     1
30673 119.73  53.75   624    -2
30823 107.60  51.83   514     1
31168 138.15  56.45     7    -7
29481  95.22  56.82   188     2
29571  92.73  56.07   234    11
29789  96.97  54.22   984     7
30703 101.98  52.97   543   -15
31878 133.50  45.10    97    -1
52787 102.87  37.20  3045     0
56751 100.18  25.70  1990     3
56106  93.78  31.88  4022     0
56178 102.35  31.00  2438    -2
57405 105.55  30.50   355     1
56954  99.93  22.57  1054     1
51346  84.67  44.43   478    -1
51288  90.53  45.37  1653     0
51628  80.23  41.17  1103     0
58744 119.42  27.45   815     1
53594 114.18  39.45   938    -2
53487 113.42  40.08  1052    -2
58667 121.27  28.08    95     0
58752 120.65  27.78    39     1
53806 105.65  36.57  1854    -3
30504 100.63  54.60   522    -3
36307  95.17  50.25  1100     3
31845 135.32  46.53   129     9
31921 132.07  44.72    77    -2
31969 130.80  42.65    39    -3
57030 108.15  34.70   994     0
57483 113.13  30.67    31    -3
57265 111.73  32.43   132     0
58122 116.98  33.63    25     0
58336 118.57  31.70    80    -1
58419 117.02  30.10    17    -2
59242 109.23  23.75    84    -1
53882 113.07  36.05   991     1
57606 106.83  28.13   972     2
59673 112.77  21.73    21     2
54857 120.33  36.07    76     1
51701  75.40  40.52  3504    -1
51839  82.72  37.07  1409     0
51431  81.33  43.95   662     1
51243  84.85  45.62   449    -3
38599  69.73  40.22   427     1
31489 136.80  51.20    91     9
43110  73.33  16.98    91     0
31418 135.80  52.28   201    -5
38846  69.98  38.37  1468     0
58467 121.27  30.20     4     0
57285 113.42  32.38   153     0
57091 114.30  34.78    73    -1
50948 124.02  45.00   146    -3
54064 125.15  44.38   170   -12
54363 125.90  41.68   402    -1
53723 107.38  37.80  1349    -1
58314 116.32  31.40    86    -4
58319 116.95  31.07    85     0
58414 116.32  30.43   105    -2
58238 118.90  31.93    35    -2
58557 120.08  29.33    90     1
29263  92.20  58.45    78     5
29563  92.20  56.12   478     3
30157 112.87  58.32   224     2
36103  96.12  52.47   919     4
38343  72.75  42.95   683     6
31538 132.13  50.07   347     1
48372  99.80  17.10    50     0
29874  92.88  53.58   319     3
29393  99.53  57.65   220    -4
47605 136.63  36.58    33     2
47746 134.23  35.48    15     5
47772 135.52  34.68    83     1
28044  60.53  59.60   130     3
29348  86.22  57.07   114     3
29524  80.05  55.85   128     3
29645  86.22  55.25   148     2
36096  94.48  51.70   632    -1
47037 125.25  39.98    99     1
47069 125.70  38.03    81    -2
38806  64.37  38.47   212     3
38987  62.35  35.28   625     2
52713  95.35  37.85  3173    -5
57003 106.83  34.90   924    -3
57028 107.32  34.03  1543    -2
53740 109.23  37.93  1111     6
59306 115.85  23.45    80     4
56033  98.22  34.92  4272    -1
53959 111.05  35.05   365     0
57993 115.00  25.87   137     0
52436  97.03  40.27  1526    -5
52495 104.80  40.17  1323     6
58507 115.12  29.25   116    -2
50758 125.90  47.18   246    -1
50564 127.35  49.43   234     1
50739 123.18  47.33   190     1
57669 111.22  28.38   128     0
53963 111.37  35.65   433     0
54171 126.52  43.70   229    -6
57827 107.53  26.32   969     3
59096 114.48  24.37   214     1
56109  93.78  31.48  3940     0
54195 129.78  43.30   244   -10
52737  97.38  37.37  2981    -3
52908  93.08  35.22  4612    -1
56792 104.97  25.78  1649     1
57562 111.37  29.58   116    -2
30777 117.70  52.23   525     1
28952  63.62  53.22   170   -12
29802  76.53  53.82   114    -4
35188  71.37  51.13   350    -1
35357  69.52  49.68   349    -1
38062  65.50  44.85   130    -4
57749 110.00  27.57   257     0
52323  97.03  41.80  1770    -5
54826 117.10  36.25  1533    -1
50950 125.25  45.70   148    -2
54523 117.02  39.38     4     2
59088 113.42  24.18    74     2
59117 116.07  24.28   116     5
54455 120.65  40.62    20    -2
58933 118.98  26.92   869    -2
58927 117.02  25.05   376     4
57608 105.43  28.17   377    -1
57025 107.38  34.52   781    -3
58633 118.90  29.00    82     0
29726  81.88  54.37   132     2
36259  88.67  50.00  1760    -3
36092  93.90  52.13   852     0
58436 118.98  30.62    87    -2
54260 125.08  42.92   252   -11
54423 117.92  40.97   422     0
54333 122.85  41.97    30    -2
57306 105.97  31.58   382     1
58026 118.02  34.40    25    -1
58038 118.78  34.08    10     2
58027 117.15  34.28    41     0
58252 119.47  32.18    27    -1
53787 112.98  37.07  1041     2
56227  95.77  29.87  2736    -4
51567  86.57  42.08  1055    -1
53480 113.07  41.03  1419    -1
54753 120.33  37.63     4     1
30089 121.77  59.02   175     0
31004 125.37  58.62   679    -1
30745 111.55  52.53   951    -1
30975 119.07  50.33   521     2
44224  96.02  48.77  1928     6
44266  93.90  46.32  2222     3
44288 102.78  46.27  1813     0
38565  65.68  40.55   484     4
38611  71.58  41.00   474     1
38618  71.75  40.38   577     2
38812  65.72  38.75   375     1
44265  91.47  46.12  1186    -4
38613  72.95  40.92   765     2
45007 113.92  22.30     7     2
48354 102.80  17.37   178     2
47184 126.52  33.50    21    -1
48356 104.13  17.15   172    -1
47097 127.48  37.25    79    -1
47150 126.55  36.32    16    -1
47174 127.23  35.07    75    -1
47189 126.55  33.23    50     0
48400 100.12  15.67    35     0
48386 100.37  16.33    39     0
48387  98.93  16.75   867     0
48402 100.18  15.15    16     0
48325  97.93  18.17   213     0
45045 114.30  22.17    60     2
53195 113.63  43.85  1036     2
52378 102.37  41.37   960    -1
56444  98.92  28.48  3319     0
56964 100.97  22.78  1302     1
59664 110.98  21.53    31     3
55472  88.63  30.95  4672    -4
56018  95.28  32.88  4066     3
55681  90.40  28.97  4431    -3
56034  97.13  33.80  4415     4
52754 100.13  37.33  3301    -1
56151 100.75  32.93  3530     2
53663 111.82  38.92  1401     2
57381 113.33  31.62   116    -3
52833  98.48  36.93  2950    -1
53664 111.13  38.47  1012     3
57853 110.63  26.73   341     1
50877 129.58  46.30   100     3
53687 113.63  37.78   753    -1
58527 117.20  29.30    61    -1
57916 106.77  25.43   440     3
55493  91.10  30.48  4200    -1
55248  84.42  32.15  4414     2
52986 103.87  35.37  1893    -9
50844 123.45  46.40   138     1
57793 114.38  27.80   131    -2
58519 116.68  29.00    40    -1
59092 114.82  24.92   206     2
58665 121.42  28.62     4     0
59317 116.30  23.03    14     3
58118 116.52  33.27    26     0
58311 116.50  31.73    74    -1
58437 118.15  30.13  1840     3
58520 117.72  29.85   142    -2
51542  84.15  43.03  2458   -10
54259 124.92  42.10   237     0
54486 123.28  40.28    79     2
56187 103.87  30.75   547     0
56144  98.58  31.80  3184     2
57290 114.02  33.00    82    -2
51765  87.70  40.63   846    -3
50632 121.92  48.77   739     0
55279  90.02  31.38  4700     2
56223  95.83  30.75  3640     0
55655  85.97  28.18  3810    -4
57642 109.63  28.70   325     1
57872 112.60  26.90   104     1
57741 109.18  27.72   282     3
52533  98.48  39.77  1477     1
54823 117.00  36.60   170     1
50862 127.98  46.98   206    -5
55294  91.10  32.35  4800    -2
52797 104.05  37.18  1630    -3
58138 118.52  32.98    40    -1
54237 121.75  42.07   167    -3
54346 123.78  41.32   185    -3
58926 117.42  25.30   205     3
52974 102.02  35.52  2491    -4
56257 100.27  30.00  3948     1
53948 109.58  34.95   499     2
50349 124.40  51.67   501    -2
44304 110.63  47.32  1033     6
29580  95.27  56.17   357    11
47827 130.53  31.55    31     1
47945 131.23  25.83    20     0
30879 119.62  51.32   619    -2
30949 111.97  49.57   907     1
30965 116.52  50.40   675     1
31285 134.42  54.50    61    -3
31300 127.27  53.73   230     0
31484 135.08  51.42   268     3
43181  80.80  16.53    25     0
30493 124.88  55.97   860   -15
30731 108.28  52.98   491     0
48840 105.78  19.75     5     0
30764 115.17  52.65   645     2
30859 114.52  51.10   681     0
30862 116.03  51.87   597     1
29562  91.67  56.10   331     4
29766  92.15  54.35   281    -4
36104  95.57  51.47   705     1
31915 131.38  44.40   211    -8
31981 133.07  43.97   187    -5
29430  84.92  56.50   139     2
29736  84.20  54.33   198     2
44243 106.67  49.75   676    -1
47003 130.40  42.32     3    -3
47058 125.78  39.03    36    -4
47068 124.88  38.15     6    -7
38915  66.02  37.52   265     3
38974  61.22  36.53   275     4
28255  63.68  58.05   102     1
28645  61.30  55.15   236    -1
28748  61.62  54.08   192    -6
48355 104.05  17.12   192    -1
48404 103.60  16.07   155     1
38457  69.30  41.33   477     1
38462  70.37  41.90  1255     1
44218  91.57  48.02  1405     3
31959 135.85  44.37    33    -9
42886  84.08  21.92   230     3
31123 130.90  57.77   254    -8
31594 130.08  49.42   134     1
44275  98.08  46.83  2255    -2
44284 100.13  46.70  2126    -2
44302 112.12  47.78   926     8
44347 105.32  44.42  1298     1
38353  74.53  42.85   760     4
48403 102.02  15.80   184     1
38725  69.67  39.43  2234     1
31474 133.27  51.63   384    -3
31521 129.33  50.78   230    -1
31832 134.27  46.80    67     1
30252 114.02  57.82   249     4
30815 103.60  51.53  1442     1
38933  68.78  37.82   427     4
38947  69.08  37.23   327     2
35497  72.87  48.85   656     2
35746  61.65  46.78    62   -12
28049  62.33  59.43   130     4
48830 106.77  21.83   263     4
48331 100.75  18.77   201    -2
48378 100.27  16.78    45     0
47099 126.75  37.88    30    -1
47121 128.45  37.17   241     1
54916 116.85  35.57    51     3
57612 106.65  29.00   474     2
57633 108.77  28.82   826     2
52645  99.58  38.42  3320    -1
56763 101.87  25.73  1120     2
53915 106.67  35.55  1346    -6
52267 101.07  41.95   940    -1
57647 109.18  28.15   406     4
57776 112.70  27.30  1265    -1
59097 114.20  24.05   198     6
59289 113.73  22.97    56     4
56479 102.85  28.00  2132    -2
56182 103.60  32.67  2881     1
59948 109.58  18.22   419     2
59845 109.58  19.52   169     3
29602  76.75  55.30   111   -10
29724  80.47  54.33   160     1
29923  82.33  53.07   219     1
29939  84.92  52.67   225    -1
36021  79.18  52.25   142    -1
36058  86.02  51.38   419    -4
45011 113.55  22.15   114     2
59102 115.65  24.95   303     5
47135 127.98  36.22   245     3
47140 126.75  36.00    24    -1
47172 126.58  35.33    56    -4
50247 123.57  52.03   514    -3
54623 117.72  39.05     4     2
54606 115.73  38.23    19     2
58407 115.03  30.23    32    -1
51232  82.57  45.18   336    -2
51573  89.20  42.93    34    -2
51526  88.22  42.23   922    -2
58837 118.15  26.17   137    -2
58158 120.48  33.20     3    -1
53519 106.77  39.22  1092     2
53705 105.68  37.48  1183    -3
57131 108.97  34.43   410    -1
53735 108.80  37.62  1336     3
57279 112.75  32.15   125    -2
57583 113.97  29.92    61     0
48303  99.87  19.95   393     1
48379 101.15  16.43   116     1
57378 112.57  31.17    65    -2
50353 126.63  51.73   173    -4
57313 106.77  31.87   417     2
59663 111.97  21.83    89     3
56043 100.23  34.48  3719    -4
56065 101.60  34.73  3500    -5
54744 118.55  37.58     8     0
51477  88.32  43.35  1103     4
51804  75.23  37.77  3090    -3
51334  82.90  44.60   318    -2
51053  86.40  48.05   532     4
51068  87.47  47.12   500     2
58472 122.45  30.73    79     0
57193 114.52  33.78    52    -2
58944 119.78  25.52    32     1
48845 105.68  18.67     6    -3
45039 114.20  22.40    12     2
45044 114.02  22.20    79     2
50936 122.83  45.63   155    -3
54041 123.07  44.80   150    -4
54263 126.05  42.97   336    -1
54273 126.75  42.98   263     1
58203 115.73  32.87    32     1
54351 124.08  41.92   118    -5
38341  71.38  42.85   655     5
53352 110.43  41.70  1376     3
48803 103.97  22.50    97     4
58600 115.37  28.87    78    -2
57789 113.95  27.13   194    -1
57523 107.73  29.85   290     1
55690  91.95  27.98  4280    -6
57874 112.40  26.42   116     0
54094 129.60  44.57   241    -3
56565 101.52  27.43  2545    -2
53923 107.63  35.73  1421    -2
59209 105.83  23.42   794     1
57545 109.42  29.53   502    -1
57482 113.95  30.90    25    -2
57574 112.40  29.37    36    -1
57758 110.58  27.07   323     2
53673 112.72  38.73   828    -2
53490 114.05  40.43  1014    -2
58715 116.65  27.58    80     0
52447  98.88  40.00  1270     0
30637 107.73  53.32   461     3
47830 131.40  31.93    15     0
47887 132.78  33.85    34     0
47662 139.77  35.68    36    -4
47678 139.77  33.12   156    -2
47843 128.83  32.70    26     1
54115 118.03  43.63   825    -7
56116  95.60  31.42  3873     1
56202  93.28  30.67  4488    -3
57889 113.95  26.08   835    -3
57766 111.45  27.18   311     1
56172 102.23  31.90  2664     5
56096 104.92  33.40  1079    -3
52424  95.78  40.53  1170     0
53738 108.17  36.92  1331     0
57926 107.88  25.42   428     1
57707 105.28  27.30  1510     2
57816 106.73  26.58  1223     2
59324 117.03  23.43     7     1
59644 109.13  21.45    12     2
53975 112.40  35.48   659     1
30635 109.02  53.42   460    -1
30935 108.75  50.37   770     3
31735 135.18  48.52    76     7
55585  90.17  29.43  3809    -2
57696 114.78  28.40    91    -1
57598 114.58  29.03   146    -2
58705 115.42  27.33    85    -1
58506 115.98  29.58  1164    -1
57729 107.88  27.23   622     4
56691 104.28  26.87  2237    -2
57718 106.73  27.10  1038     3
57493 114.33  30.35    73    -2
57573 112.90  29.83    30    -3
57965 111.60  25.53   192     4
52652 100.28  39.08  1461     5
50973 130.60  45.75   234    -4
54324 120.43  41.55   174     2
54470 122.07  41.02     5    -3
28240  60.07  57.88   260    -1
29706  77.30  54.38   116    -1
54497 124.33  40.05    13     1
58730 118.03  27.77   222     0
56357 100.30  29.05  3727     1
53754 110.22  37.50   929     4
59485 113.40  22.50    33     3
53898 114.40  36.05    62     4
54308 116.63  41.20   735    -4
54579 122.58  39.27    35     3
57494 114.05  30.60    23    -4
58358 120.43  31.07    16    -1
51241  83.60  45.93  1077    -2
53083 114.15  44.62  1181    -1
50425 120.18  50.25   581     1
54134 121.28  43.60   241    -5
47008 129.82  41.78    43    -5
47046 128.18  40.03    19    -2
47061 128.18  38.73    34     1
38799  62.80  38.08   185     2
38895  62.18  37.60   240     0
54842 120.00  36.78    62     4
58457 120.17  30.23    41    -1
56533  98.67  27.75  1583     1
56985 103.38  23.38  1300     1
53602 105.67  38.83  1561     2
50639 122.73  48.00   306     0
54026 120.90  44.57   265    -1
53149 110.13  42.53  1225     4
57614 106.22  28.33  1180     0
59462 111.60  22.70    60     2
59501 115.37  22.80    16     3
59116 116.70  24.33    81     4
56312  94.33  29.67  2991    -5
56125  96.47  32.20  3643     0
50873 130.30  46.78    82    -2
30323 105.80  56.80   325     1
28440  60.63  56.83   281     0
28661  65.42  55.45    73    -6
29612  78.30  55.35   119     1
57297 114.05  32.13   114    -2
56548  99.28  27.17  2326     0
56991 104.33  23.62  1561     2
54705 115.38  37.37    27    -1
52101  93.05  43.60  1677     1
58818 116.63  26.23   358     0
58734 118.12  27.33   196    -1
59228 107.58  23.32   108     1
58143 119.85  33.80     4     0
58241 119.45  32.80     5     0
58251 120.28  32.85     3     0
53817 106.27  36.00  1753    -3
57278 112.08  32.00   163     0
53276 112.90  42.40  1150    -2
50774 128.83  47.70   264     0
50788 131.98  47.23    66     5
53725 107.58  37.58  1360    -4
56475 102.52  28.65  1659    -1
56188 103.67  31.00   698     1
51777  88.17  39.03   887    -8
51656  86.13  41.75   931     3
51330  81.02  44.97  1357    -2
51433  82.52  43.80  1105     0
58477 122.10  30.03    35     0
57077 111.65  33.78   742     1
54518 116.40  39.17     8     2
50949 124.87  45.08   136    -6
54157 124.33  43.17   165    -9
54181 127.33  43.70   295    -6
28676  69.12  54.78   101   -19
29807  75.45  53.35    94   -10
35394  73.15  49.80   553     1
36177  80.30  50.42   196     1
38069  66.75  44.17   153     0
38196  68.90  43.55   822    -3
28984  70.22  52.95   395   -19
42452  75.85  25.15   279     0
51469  87.18  43.45  1930    -1
53942 109.42  35.77  1155     4
56748  99.18  25.12  1652     2
42328  70.92  26.90   257    -1
30393 124.87  56.83   858     4
30957 113.27  50.27   732     1
31041 133.03  59.63   179     7
31102 125.97  57.65  1204    -6
28552  63.65  56.07    89     0
29111  78.23  59.22    69    -2
36022  80.33  52.02   208     1
36038  82.17  51.15   354     2
36078  90.20  51.00   983   -10
29864  90.37  53.72   525    -5
48940 102.57  17.95   171     2
43150  83.30  17.68    69     1
43185  81.15  16.20     9     0
42737  70.78  22.30   138    -1
31442 127.65  51.98   280    -5
29379  94.55  57.20   164     9
30028 106.17  59.28   351     2
30328 105.83  56.05   338     1
44210  90.35  49.60  1480     0
44229  99.88  48.15  2055    -4
44257 110.57  48.62  1050     3
38396  60.63  41.57   100     3
44213  94.40  49.65  1232     4
44225  98.20  48.73  1723     1
44256 114.40  49.55   705     1
44317 115.37  45.90  1076     4
36982  78.23  41.88  3639     5
48839 107.72  20.13    56     2
48310  99.88  19.18   398    -1
48405 103.65  16.05   142     0
48852 107.58  16.43     9     0
47129 126.48  36.77    30    -3
47136 128.70  36.57   141    -1
47143 128.62  35.88    65     3
47154 128.32  36.12    50     2
47155 128.57  35.17    38     0
47157 127.90  35.67   222    -2
47169 125.45  34.68    77     1
47188 126.87  33.38    19    -1
47192 128.03  35.15    31    -3
48357 104.78  17.42   147     1
48408 105.03  15.23   130    -1
54386 128.18  41.42   775    -4
45032 114.15  22.52    14     7
48823 106.15  20.43     3     0
58718 116.53  27.22   111    -1
57259 110.77  32.03   426    -6
52955 100.73  35.58  3120    -6
52818  94.92  36.42  2807    -3
56137  97.17  31.15  3315     2
57752 110.60  27.92   204     0
57106 106.15  33.32   794    -2
54776 122.70  37.40    47     2
56671 102.25  26.65  1787    -1
54012 117.60  44.58  1001    -4
42779  81.90  22.77   625    -1
42874  81.65  21.23   296     1
42809  88.45  22.65     6     3
42895  86.93  21.52    18     0
30971 117.93  50.92   806     3
58754 120.20  27.33    36     0
56317  94.22  29.22  2950    -5
57256 110.78  32.65   286    -1
57845 109.78  26.17   397     0
57866 111.62  26.23   172     1
55680  89.60  28.92  4040    -3
53821 107.30  36.57  1255    -1
52446  99.52  40.30  1177    -4
52681 103.08  38.63  1367     2
50888 132.18  46.32    83     6
57857 110.32  26.37   477    -1
54471 122.17  40.65     3    -4
52889 103.88  36.05  1517    -3
43003  72.85  19.12    14     0
43117  75.90  17.67   479     3
28756  64.87  54.47   117   -13
31939 133.87  44.15   258    -2
30499 124.67  55.18   528    -1
31348 136.03  53.05   153   -11
54266 125.63  42.53   340    -3
54286 129.00  42.53   475    -7
54374 126.88  41.80   379    -5
59271 112.43  23.63    57     3
59107 115.28  24.12   179     2
51810  77.63  38.92  1178    -1
56046  99.65  33.75  3967    -1
57503 105.12  29.62   349     1
51633  81.90  41.78  1229     1
56004  92.43  34.22  4533    -3
53578 112.43  39.37  1114     2
55299  92.07  31.48  4507     0
58606 115.92  28.60    46    -2
57922 107.55  25.83  1013     2
59037 108.10  23.93   170     2
31587 128.65  49.62   114    -4
31632 134.63  49.93   283     6
31702 131.08  49.00   267    -2
29576  94.30  55.82   375     4
38222  73.78  43.70   456     4
44221  96.37  49.70  1420     6
44254 111.62  49.03   987     3
44348 108.25  44.40  1308    -4
56074 102.08  34.00  3471    -3
58843 120.02  26.88    56     0
55589  90.98  29.30  3555    -1
59321 117.50  23.78    53     1
56459 101.27  27.93  2426     0
56167 101.12  30.98  2957     3
57238 107.90  32.53   693     0
53646 109.78  38.27  1157     4
53564 111.15  39.38   861     2
57731 108.25  27.95   416     2
58326 117.83  31.58    30    -3
51358  85.82  44.28   468    -5
51931  81.65  36.85  1422     0
54429 117.95  40.20    54    -1
52674 101.97  38.23  1976    -1
44259 114.55  48.08   747     2
44292 106.87  47.92  1729     1
44354 110.12  44.90   938    -3
48333 100.73  18.85   265     0
48384 102.82  16.33   166     2
38413  64.62  41.73   236     0
57355 110.37  31.03   334    -1
54452 119.82  40.80   365    -2
54454 120.30  40.33    29     4
54584 122.95  39.72    34     1
56196 104.73  31.45   522     1
56374 101.97  30.05  2615    -3
56462 101.50  29.00  2925    -1
56152 100.33  32.28  3893     3
56079 102.97  33.58  3441    -3
59838 108.62  19.10     7     4
59954 110.03  18.55    35     2
59855 110.47  19.23    24     2
57912 106.63  26.13   990     4
57803 106.02  27.03  1231     3
51156  85.72  46.78  1291     3
47675 139.35  34.73    75     0
47765 132.47  34.40    54     0
47817 129.87  32.73    35    -1
47927 125.28  24.80    41     1
47936 127.68  26.20    50     1
38683  64.62  39.72   224     0
38927  67.32  37.28   311     3
44203  99.67  51.12  1583     5
44207 100.15  50.43  1668     1
44215  91.72  49.02  1590     3
44305 113.28  46.68   981     2
36974  76.00  41.43  2041    -1
53068 111.93  43.63   963     1
58847 119.28  26.08    84     1
56664 101.27  26.63  1230    -1
56739  98.50  25.02  1654     1
59082 113.60  24.67   121     0
52633  98.42  38.82  3367     1
59985 111.62  16.53     4     1
57071 112.43  34.82   333     0
57051 111.20  34.80   409     0
57439 108.93  30.28  1074     0
51704  76.17  39.72  1298    -1
51811  77.27  38.43  1231     1
58918 116.42  25.05   198     3
59134 118.07  24.48   139     1
54725 117.53  37.50    11     1
48826 106.63  20.80   116     2
48380  99.52  16.48    81    -1
29023  81.95  59.85    76    -3
29328  82.05  57.00   110     3
29605  76.02  55.22   112   -14
59254 110.08  23.40    42    -1
47014 126.88  41.78   331    -4
47028 124.93  40.45    76     1
47039 126.25  40.17   155     1
47055 127.43  39.18    36     1
38687  63.60  39.08   190     2
29846  86.88  53.82   309     3
36061  87.12  52.25   326    -1
59632 108.62  21.95     4     2
57046 110.08  34.48  2064     0
53651 110.47  38.82  1098     3
57251 110.42  33.00   249    -1
58102 115.77  33.87    37     0
58338 118.58  31.15    17    -1
59453 110.12  22.67   121    -1
53336 108.52  41.57  1288     0
50468 127.45  50.25   166    -2
51705  75.25  39.72  2175    -2
51437  81.13  43.15  1851     5
58141 118.93  33.63    12    -1
50945 124.27  45.50   137     0
54161 125.22  43.90   236    -5
54165 125.63  43.55   219   -10
38886  60.52  37.38   186     7
54186 128.20  43.37   524    -2
58130 117.95  33.93    23    -2
54349 124.13  41.30   258    -4
54102 116.12  43.95  1003     0
47101 127.73  37.90    78    -2
47138 129.37  36.02     3     4
47168 127.73  34.73    65    -1
30844 110.47  51.37   801     3
31909 136.60  45.00    61    -2
38851  70.30  39.00  1316     1
35078  68.37  51.82   304   -18
36821  76.27  44.83   396    -1
36859  80.07  44.17   645     1
47098 127.05  37.90   110    -1
47131 127.43  36.63    58     2
47156 126.88  35.17    73    -3
36864  75.25  43.53   743     9
38334  70.30  42.48   808     0
36686  76.87  46.55   349     0
31011 127.05  59.67   278   -11
29209  77.22  57.80    99    -7
36064  87.60  51.77   480     1
48330 100.15  18.12   162    -2
43105  84.13  18.33     7     0
38705  67.60  39.50  1015     7
42361  78.25  26.23   207    -3
30669 117.48  53.07   707    -1
30829 106.63  51.10   556    -1
29561  90.32  56.03   255     3
29866  91.70  53.72   254    -1
48955 105.77  15.12   102    -1
57671 112.37  28.85    37    -1
57049 109.73  34.52   341     0
58034 118.32  34.60    36     2
57805 105.77  26.68  1319     1
52943  99.98  35.58  3323     3
57554 110.17  29.40   322    -3
57902 105.18  25.43  1378     4
57806 105.90  26.25  1431     2
59981 112.33  16.83     4     3
52895 104.68  36.57  1398    -7
57206 105.85  32.43   513    -1
58626 117.25  28.32    60     0
48825 105.77  20.97     7     0
29664  90.83  55.08   325     2
57536 108.78  29.53   607     1
50745 123.92  47.38   147     2
53593 114.57  39.83   909     0
53698 114.35  38.07   103     2
50548 123.72  49.20   286     7
57712 106.95  27.73   983     3
57840 109.20  26.90   401     4
59293 114.73  23.80    70     3
57996 114.25  25.08   149     0
50983 132.97  45.77   100     0
56543  99.70  27.83  3276     0
56946  99.40  23.55  1104     2
53399 114.70  41.15  1393    -5
57359 110.73  31.35   336    -1
51087  89.52  46.98   807     2
51711  78.45  40.93  1985    -3
52112  95.13  43.77   479    -2
51379  89.57  44.02   793     8
58921 117.35  25.97   206     1
53704 105.18  37.53  1225     0
53810 105.90  36.97  1339    -4
53955 110.45  35.47   458     1
57134 107.98  33.52   827     0
57211 106.25  32.83   836    -1
58015 116.33  34.45    44     1
57932 108.53  25.97   285     1
56571 102.27  27.90  1590    -4
59072 112.37  24.80   131     1
44217  89.52  48.28  2148    -2
44219  95.00  47.63  1391     1
44386 109.20  43.10   995     4
44231 100.17  49.63  1283    -2
44212  92.08  49.80   939    -1
59304 115.18  23.63   176     5
54863 121.18  36.78    40     3
54764 121.23  37.48    53     2
54945 119.53  35.43    36     0
51133  83.00  46.73   534     0
57083 113.65  34.72   110     0
57089 113.93  34.07    67     2
57178 112.58  33.03   129    -2
58111 116.45  33.97    32     1
53986 113.88  35.32    73     1
54436 118.95  40.42   254     1
54292 129.50  42.87   257    -3
53615 106.70  38.80  1101     2
58225 117.67  32.53    69    -2
57156 111.50  33.30   250     0
44232 102.70  49.38   938    -6
44282 101.47  47.45  1691    -2
44287 100.68  46.13  1859     2
44341 106.28  45.77  1393     0
44352 112.37  45.73  1101     0
48863 108.78  15.13     9     1
47570 139.92  37.48   216    -2
47655 138.20  34.60    46    -1
47815 131.62  33.23    13     2
48846 105.90  18.35     3    -1
48352 102.73  17.85   175     2
48808 106.25  22.67   243     1
48327  98.97  18.77   314     0
31512 127.55  50.25   132     3
47600 136.88  37.38     6     0
47807 130.37  33.57    15    -1
47909 129.50  28.38     8     0
30433 109.57  55.78   479     5
30692 123.97  54.00   397    -1
47090 128.55  38.25    19     1
47152 129.32  35.55    35     2
47162 128.43  34.83    34    -2
47173 127.32  35.40    91    -1
47185 126.15  33.28    75     0
31707 130.97  47.73    72     0
30127 105.73  58.23   438     2
29418  78.35  56.33   126     2
29631  82.73  55.32   146     1
47016 128.17  41.40   714    -4
47031 127.25  40.37  1080   -11
47041 127.55  39.93    22     0
47050 125.65  39.62    27     4
47075 127.28  38.42   352    -5
29313  79.42  57.55    95     1
30664 115.62  53.53   811     1
30822 105.85  51.70   467    -1
38598  69.82  40.27   347     0
38713  68.98  39.90  1004     2
42369  80.88  26.75   124     0
30054 112.58  59.45   190     9
38734  70.20  39.45  2561    -6
38718  68.38  39.10  2204     5
38878  73.97  38.17  3576    -2
38957  71.60  36.72  2523     2
35796  75.08  46.80   350    -4
35849  62.12  45.77    68    -8
35969  67.07  45.25   138    -3
29367  90.67  56.97   180     3
29467  90.52  56.28   257     3
29594  98.00  55.95   306    -3
29956  89.92  52.80   449     0
30622 105.90  53.97   521     6
31825 138.40  47.60   164     3
31987 133.02  43.15   207    -9
36152  78.35  50.87   149    -1
30198 123.72  58.07   416     1
31062 137.67  59.77   383    -5
28144  60.78  58.87   125    -2
28666  67.30  55.25   140   -12
55437  81.25  30.28  3900     2
55664  87.08  28.63  4300    -2
50656 126.50  48.27   277    -1
57974 112.37  25.58   214     3
53764 111.10  37.50   950     2
54049 123.97  44.25   188    -4
54326 119.70  41.38   422     0
54096 131.17  44.38   567    -4
50246 124.72  52.35   361    -4
58622 117.58  28.95    88     1
53868 111.50  36.07   449     0
53853 110.95  36.70  1052     2
53877 112.25  36.17   860     0
53772 112.58  37.62   776     3
55696  92.47  28.42  3860    -2
31174 137.53  54.83     9   -13
57517 106.25  29.28   261     0
58813 116.33  26.85   143     0
57581 113.45  29.82    27    -2
50834 121.22  46.60   499     3
58343 119.98  31.88     4    -2
58737 118.32  27.05   154    -1
57328 107.50  31.20   344     1
56247  99.10  30.00  2589     0
57232 108.27  33.05   484     0
53854 110.07  36.58   804     2
57124 106.93  33.63  1032    -2
58345 119.48  31.43     5    -1
54311 117.77  41.97   892    -2
54405 115.50  40.42   570    -5
54563 122.02  39.63   118     2
38838  68.35  38.05   563     1
43198  74.62  15.85   755     3
43201  75.63  15.42   669     0
42647  72.63  23.07    56    -2
28655  63.32  55.23   177    -1
54472 122.72  40.88    25    -7
54493 124.78  40.72   260     5
54660 121.23  38.82    66    -1
54662 121.63  38.90    91     0
59849 109.83  19.03   250     3
58208 115.62  32.17    42    -2
57825 107.98  26.60   720     4
59446 109.30  22.42    66     2
59065 111.50  24.42   148     0
57052 110.45  34.88   354    -1
54406 115.97  40.45   487     1
50527 119.70  49.25   649     6
58448 119.70  30.22   117    -1
57432 108.40  30.77   186     1
57512 106.28  29.97   230     0
31534 131.02  50.43   273     2
31713 132.95  48.73    77     5
29274  93.03  58.07    89     6
29282  97.45  58.38   133    12
29477  93.27  56.48   164    12
29570  92.75  56.03   276    11
30230 108.07  57.77   258     6
30521 105.17  54.80   418     1
30925 106.45  50.35   797    -1
58806 116.02  26.48   209     0
57682 113.57  28.72   106    -1
50557 125.23  49.17   242    -1
57245 109.03  32.72   290    -4
54909 115.52  35.08    51     1
53543 109.98  39.83  1461     1
52679 102.67  37.92  1531     3
52602  93.33  38.75  2770    -7
57461 111.30  30.70   133    -2
57841 109.67  26.57   320     3
53968 111.67  35.28   505    -2
59647 109.10  21.03    55     3
57896 114.50  26.33   126    -1
31371 126.00  52.78   209    -3
31655 136.57  49.45    37     8
31960 131.92  43.12   188    -2
35067  66.33  51.88   221   -24
36003  76.93  52.30   122    -6
57910 106.08  25.77  1197     1
55228  80.08  32.50  4278     3
54525 117.28  39.73     5     1
57799 114.92  27.05    71    -1
50953 126.57  45.93   118    -4
53588 113.52  38.95  2208    -1
53529 107.97  39.08  1381     1
54063 126.00  44.97   196    -7
54142 123.53  43.50   114    -5
56586 103.72  27.35  1949    -2
56684 103.28  26.42  2110    -2
56977 101.85  22.58  1120     2
56986 103.68  22.98  1414     1
59007 105.07  24.07  1249     5
36397  81.22  49.22   455     5
36639  81.62  47.12   491     9
36870  76.93  43.23   851     5
38328  69.70  42.32   604     4
38439  68.00  41.37   275     3
35173  69.80  51.62   305   -13
31026 130.62  58.73   197    -6
29654  87.63  55.20   498     2
36229  85.62  50.27   977     1
42339  73.02  26.30   221     0
59631 108.35  21.78    32     2
56287 103.00  29.98   627     0
57761 111.30  27.75   211     1
52765 101.62  37.38  2850    -2
52707  93.68  36.80  2767    -9
56342  98.60  29.68  3870     0
55773  89.08  27.73  4300    -4
57710 106.40  27.80   890     1
56793 104.47  25.72  1800     3
57906 106.08  25.18   566     5
59626 107.97  21.53    21     2
59046 109.40  24.35    96     1
52418  94.68  40.15  1139    -9
54236 122.55  42.38    79    -3
54339 123.00  41.08    77    -2
43221  80.08  15.48    22     0
36090  93.68  51.12  1042     1
29485  96.05  56.67   244     8
29566  92.27  55.93   274     5
29653  89.82  55.30   387     0
30337 107.62  56.32   356     3
30603 102.05  53.93   458    -8
30612 103.07  54.00   426    -6
30627 105.53  53.10   761     1
47604 139.05  37.92     7    -4
47624 139.05  36.40   114    -3
47636 136.95  35.17    56    -1
47741 133.05  35.45    22     4
47800 129.30  34.20     4    -1
59126 117.65  24.50    28     3
57034 108.22  34.25   447     0
53845 109.45  36.58  1180     3
57957 110.30  25.32   164     1
59211 106.60  23.90   174     1
50854 125.32  46.38   149     0
58646 119.92  28.45    59    -1
51238  82.07  44.90   531    -7
51495  91.73  43.22   721     0
54401 114.92  40.77   772    -2
31152 136.15  57.65   318    -1
42971  85.83  20.25    49     0
42634  69.80  23.25   117    -2
42840  72.83  21.20    10     1
42921  73.82  19.97   601     3
43192  73.82  15.48    64     1
29557  88.30  55.75   211     2
29915  78.65  52.97   125    -4
30683 121.93  53.97   521    -2
31445 128.12  51.45   200    -3
31725 133.83  48.62    52     0
29698  99.03  54.88   411    -9
54334 121.25  41.52    74    -2
59431 108.22  22.63   121     0
59265 111.30  23.48   114     1
57947 109.40  25.22   121     3
58135 118.22  33.48    16    -3
54218 118.83  42.30   668     2
58820 117.17  26.90   342    -2
58911 116.37  25.85   310     1
54715 116.57  37.32    18     2
53798 114.50  37.07    77     1
50618 118.27  48.22   642     4
59294 113.83  23.33    30     4
52657 100.25  38.18  2787     0
57411 106.10  30.78   309    -1
56492 104.60  28.80   340    -1
56146 100.00  31.62  3393     4
59758 110.25  20.00    63     2
51467  86.33  42.77  1732    -3
51581  90.23  42.85   398    -4
51059  85.87  47.43   984     0
51655  86.27  41.35   884     0
59113 116.72  24.73   226     3
58637 117.98  28.45   118     1
58760 121.15  27.83    68     0
53614 106.20  38.47  1110     1
53910 106.20  35.67  2841    -3
57595 114.50  29.60    76     0
54226 120.70  42.33   400     2
53513 107.37  40.73  1041     3
57143 109.97  33.87   742    -1
59658 110.30  21.15    53     3
59488 113.57  22.28    51     3
59087 113.52  23.88    97     2
51076  88.08  47.73   735     4
52118  94.70  43.27  1728    -2
51709  75.98  39.47  1289    -2
58464 121.08  30.62     5    -1
57067 111.03  34.05   568     1
54539 118.88  39.43    10     0
54285 128.12  42.42   721    -6
50968 127.97  45.22   189     2
56838  97.85  24.00   762     0
51716  78.57  39.80  1116    -3
51365  87.53  44.20   440    -4
56959 100.78  22.00   582     1
30372 118.27  56.90   710     2
30554 113.57  54.43   902    -1
31329 132.93  53.08   542    -2
31416 136.50  52.42    70     7
31561 137.03  50.53    21     9
29937  82.77  52.52   175     2
36034  81.18  51.57   219     1
47020 126.60  40.97   306    -4
47022 128.15  40.82  1200    -6
47052 126.65  39.22   279     0
47070 126.57  37.97    70     1
29231  82.95  58.32    75     4
29332  83.75  57.57   112     3
29638  82.95  54.90   131     2
29838  83.52  53.43   185     1
48329  99.03  18.55   298     0
44291 106.75  47.85  1272    -2
44329  99.27  45.38  2219     0
44338 102.17  44.70  1519    -1
38579  67.83  40.12   343     5
38583  68.68  40.82   263     2
44230 102.00  49.57  1235    -3
44298 108.22  46.45  1286     2
44313 118.62  47.62   688     3
44336 103.90  45.45  1316    -2
38345  72.22  42.52  1218     3
47159 129.02  35.10    70     1
47165 126.37  34.82    39    -1
48838 107.97  21.52     7     1
48300  97.97  19.28   274     0
47095 127.30  38.13   155    -5
47114 127.93  37.33   150    -1
47137 128.15  36.40    97     3
47145 127.12  36.77    25    -1
47171 126.85  35.55    46    -1
48806 103.90  21.33   676     3
48328  99.50  18.27   243    -1
48376  99.13  16.87   126     0
48855 108.35  16.07     7     1
48848 106.60  17.48     8     0
45035 113.98  22.47    35     4
52856 100.62  36.27  2835    -6
56038  98.10  32.98  4200     1
57048 108.72  34.40   472    -2
57037 108.98  34.93   710     3
58047 119.23  34.25     4     0
58150 120.25  33.77     2     1
59058 110.52  24.20   145     2
53362 111.68  41.53  1490     1
58549 119.65  29.12    62     0
58553 120.82  30.05     6     1
58556 120.82  29.60   104     1
54337 121.12  41.13    65     1
54353 125.05  41.73   328    -2
57447 109.47  30.28   457    -2
58265 121.60  32.07     3    -1
58356 121.00  31.40     3    -1
54416 116.87  40.38    71     2
56307  92.58  29.15  3260    -7
50727 119.93  47.17   997     2
54213 119.02  42.93   634     4
53391 114.00  41.90  1482    -1
58931 118.10  25.72  1653    -1
59456 110.93  22.35   141     2
50756 126.97  47.45   239     0
56651 100.22  26.85  2380     5
56768 101.55  25.03  1824     1
50603 116.82  48.67   554     4
57679 112.78  28.12   115     1
59478 112.78  22.25    32     3
56386 103.75  29.57   424     0
56385 103.33  29.52  3047    -2
54527 117.05  39.08     3     2
56778 102.65  25.00  1888     1
54618 116.55  38.08    13     1
57476 112.15  30.35    31    -1
57458 110.67  30.20   619    -5
58362 121.45  31.40     5    -2
51639  82.78  41.23   980     1
51470  88.12  43.88  1942    -1
51642  84.27  41.82   982    -5
51828  79.93  37.13  1375     0
53903 105.72  35.97  1916    -8
57144 109.15  33.43   693     1
58215 116.78  32.43    25    -1
50434 121.68  50.48   732    -1
50853 126.97  46.62   179    -1
57722 107.47  27.77   792     4
59493 114.00  22.53    63     3
59287 113.48  23.22    70     3
51818  78.28  37.62  1375     2
52313  94.67  41.53  1573    -3
58543 119.02  29.62   171    -1
54534 118.10  39.65    23     0
58936 118.70  25.37    77     0
54276 126.80  42.40   570     1
58652 120.72  28.87    83     0
31961 131.97  43.88    36    -9
30758 113.48  52.08   670     2
31733 135.88  48.82    58     5
47060 125.38  38.72    47     1
30650 112.78  53.20   922    -1
31388 129.92  52.35   207     2
31624 133.23  49.40   201     8
31754 137.05  48.60   402     0
38836  68.73  38.58   800     4
38951  71.55  37.95  1981     3
28766  66.97  54.37   151   -15
28867  65.55  53.32   216   -18
28966  66.97  52.82   227   -24
35085  70.95  52.00   384   -15
36428  84.52  49.20   401     3
36535  82.37  48.75   512     2
28978  68.75  52.53   398   -20
31016 128.50  58.63   230    -4
29551  87.68  56.18   144     2
42379  83.37  26.75    77    -1
31137 131.13  56.28   849    -9
30838 108.87  51.32   805     0
29581  95.63  56.20   202     5
29752  88.82  54.75  1188     2
29869  92.40  53.27   297    -3
31989 133.90  42.90    42    -5
42867  79.05  21.10   310     1
43086  79.43  18.77   160     1
43213  78.07  15.80   289     2
51720  79.05  40.50  1161    -2
58500 115.20  29.85    45     0
57972 113.03  25.80   184     1
56693 104.87  26.58  1815     1
52661 101.08  38.80  1765     2
57779 113.35  27.00   102     0
57625 107.45  28.55   679     2
57907 104.90  25.08  1299     3
57839 109.15  26.23   568     3
55578  88.88  29.25  3836   -14
30686 122.40  53.47   294    -2
30961 115.58  50.95   639     3
57014 105.87  34.57  1085    -4
52996 105.02  35.38  2450    -1
52546  99.83  39.37  1332     2
52576 101.68  39.22  1510     1
54528 117.13  39.23     3     0
55572  89.10  29.68  4000    -5
50955 126.30  45.38   166    -4
57662 111.68  29.12   150    -1
56251 100.32  30.93  3000     1
53859 110.67  36.10   851     2
54476 122.15  40.17    20    -5
54342 123.52  41.73    49    -8
54727 117.55  36.68   121     1
54808 115.63  36.23    37     3
31295 125.82  53.47   363    -2
31801 136.18  47.67   180     4
56080 102.90  35.00  2910     0
56093 104.02  34.43  2315    -5
56856 100.87  24.47  1162     0
52868 101.43  36.03  2237    -8
52876 102.83  36.33  1813    -4
52836  98.10  36.30  3189    -4
53884 113.03  36.52   877     1
57395 114.12  31.57    74    -3
52983 104.15  35.87  1874    -5
52884 103.95  36.35  1668    -7
57604 105.38  28.78   368    -1
54774 122.13  37.47    65     1
50963 128.73  45.97   108    -3
56228  96.92  30.05  3260     1
51060  86.87  47.70   473     2
30710 104.32  52.27   469    -1
38744  71.87  39.28  1198     0
48334  99.30  18.32   319    -3
48360 102.42  17.22   228     5
44242 105.40  49.15   748    -3
44263  91.08  46.92  1951     2
44286 104.15  47.15  1363    -2
44374 101.03  43.23  1726    -1
44385 107.18  43.18  1114    -5
44214  89.93  48.93  1715    -7
44277  96.25  46.40  2181    -1
48307 100.87  19.40   334    -1
48409 104.32  15.08   129    -1
38178  64.33  43.15   236    -1
38403  62.47  41.75    97     2
44237 101.38  48.53  1509     3
44239 103.55  48.80  1208    -7
44294 107.48  47.30  1430    -1
44314 115.63  47.17   907     2
38616  72.90  40.70   868   -10
47105 128.88  37.75    27     3
47115 130.88  37.47   224     4
48375  98.53  16.70   197    -1
48407 104.87  15.25   123    -1
47102 124.62  37.95   146     2
47127 127.95  36.97   116     3
47170 126.70  34.38    36    -2
47175 126.32  34.47   477    -1
