diamond  3 2013年12月24日05点24小时降雨量                    
  13  12  24  05    -2 3 10 25 50 1 0
 39 122.7  37.3 122.5  36.7 120.8  36.2 119.3  35.0 120.4  34.3
 121.1  32.7 122.3  30.9 122.5  30.1 121.5  28.0 119.8  25.0
 116.1  22.6 111.0  21.0 111.0  18.6 109.6  18.1 108.3  18.5
 108.9  19.9 109.3  21.0 106.4  21.6 104.1  22.2 101.6  20.8
  98.7  22.0  97.1  24.1  97.7  27.0  91.7  26.6  85.7  27.7
  78.9  30.6  73.3  37.1  74.1  40.7  87.6  49.8  98.5  43.9
 110.4  44.3 122.0  54.7 135.7  48.3 131.5  42.2 125.2  39.4
 121.3  38.5 121.2  40.3 118.5  38.6 120.8  38.1
1                     80
  50774 128.92  47.73  245   0.01
  50788 131.98  47.23   68    0.2
  50853 126.97  46.62  180    0.1
  50862 128.02  46.98  213    0.1
  50888 132.18  46.32   83   0.01
  50963 128.73  45.97  110    0.1
  50973 130.60  45.75  242    0.1
  50983 132.97  45.77  104   0.01
  51053  86.40  48.05  534    2.1
  51059  85.87  47.43  984   0.01
  51060  86.87  47.70  475    0.9
  51068  87.47  47.07  502    0.3
  51076  88.08  47.73  737    0.9
  51087  89.52  46.98  809    0.7
  51133  83.00  46.73  536   0.01
  51186  90.38  46.67 1220    0.7
  51232  82.57  45.18  338   0.01
  51238  82.07  44.90  533    0.2
  51241  83.60  45.93 1077    0.1
  51243  84.85  45.62  456    0.9
  51330  81.02  44.97 1359   0.01
  51334  82.90  44.60  320   0.01
  51346  84.67  44.43  478   0.01
  51358  85.82  44.28  469    0.1
  51365  87.53  44.20  441    0.6
  51367  86.82  44.13  524    0.2
  51379  89.57  44.02  794   0.01
  51437  81.13  43.15 1854   0.01
  51463  87.65  43.78  935    1.3
  51469  87.18  43.45 1928    0.2
  51470  88.12  43.88 1942    1.2
  51477  88.32  43.35 1105    0.6
  51542  84.15  43.03 2459   0.01
  51567  86.57  42.08 1057   0.01
  51628  80.23  41.17 1105   0.01
  51633  81.90  41.78 1230   0.01
  51639  82.78  41.23  982   0.01
  51642  84.25  41.78  978   0.01
  51644  82.97  41.72 1083    0.2
  51655  86.27  41.35  886   0.01
  51656  86.13  41.75  932    0.3
  51704  76.17  39.72 1300   0.01
  51705  75.25  39.72 2177   0.01
  51709  75.98  39.47 1291   0.01
  51711  78.45  40.93 1986   0.01
  51716  78.57  39.80 1117   0.01
  51720  79.05  40.50 1163   0.01
  51810  77.63  38.92 1179   0.01
  51811  77.27  38.43 1232   0.01
  52101  93.05  43.60 1674    1.8
  52436  97.03  40.27 1527   0.01
  52754 100.13  37.33 3302   0.01
  52856 100.62  36.27 2836    0.1
  52983 104.15  35.87 1875   0.01
  52996 105.02  35.38 2450   0.01
  56202  93.28  30.67 4489   0.01
  56287 103.00  29.98  629   0.01
  56374 101.97  30.05 2615   0.01
  56485 103.58  28.27 1254   0.01
  56492 104.60  28.80  342   0.01
  56586 103.72  27.35 1950    0.1
  56691 104.28  26.87 2239    0.4
  56693 104.87  26.58 1817    0.6
  56792 104.97  25.78 1648    1.8
  56793 104.47  25.72 1796    2.1
  57014 105.87  34.57 1085   0.01
  57517 106.25  29.28  256   0.01
  57606 106.83  28.13  972    0.1
  57608 105.43  28.17  378   0.01
  57612 106.65  29.02  255   0.01
  57614 106.22  28.33 1179    0.2
  57707 105.28  27.30 1511    0.1
  57712 106.95  27.73  983   0.01
  57805 105.77  26.68 1323   0.01
  57902 105.18  25.43 1379    0.3
  57907 104.90  25.08 1298    0.1
  58944 119.78  25.52   30    1.4
  59134 118.07  24.48  138   0.01
  59321 117.50  23.78   54   0.01
  59985 111.62  16.53    4    1.0
