diamond  3 2013年12月21日05点24小时降雨量                    
  13  12  21  05    -2 3 10 25 50 1 0
 39 122.7  37.3 122.5  36.7 120.8  36.2 119.3  35.0 120.4  34.3
 121.1  32.7 122.3  30.9 122.5  30.1 121.5  28.0 119.8  25.0
 116.1  22.6 111.0  21.0 111.0  18.6 109.6  18.1 108.3  18.5
 108.9  19.9 109.3  21.0 106.4  21.6 104.1  22.2 101.6  20.8
  98.7  22.0  97.1  24.1  97.7  27.0  91.7  26.6  85.7  27.7
  78.9  30.6  73.3  37.1  74.1  40.7  87.6  49.8  98.5  43.9
 110.4  44.3 122.0  54.7 135.7  48.3 131.5  42.2 125.2  39.4
 121.3  38.5 121.2  40.3 118.5  38.6 120.8  38.1
1                    164
  50727 119.93  47.17  997    0.1
  50877 129.58  46.30  105    0.1
  50888 132.18  46.32   83   0.01
  50948 124.02  45.00  148   0.01
  50949 124.87  45.08  137    0.3
  50968 127.97  45.22  191   0.01
  51232  82.57  45.18  338    0.5
  51238  82.07  44.90  533   0.01
  51243  84.85  45.62  456    0.2
  51330  81.02  44.97 1359   0.01
  51334  82.90  44.60  320    0.3
  51346  84.67  44.43  478    1.1
  51358  85.82  44.28  469    1.1
  51365  87.53  44.20  441   0.01
  51379  89.57  44.02  794    0.1
  51463  87.65  43.78  935    0.4
  51477  88.32  43.35 1105   0.01
  51542  84.15  43.03 2459   0.01
  51701  75.40  40.52 3507   0.01
  51704  76.17  39.72 1300   0.01
  51705  75.25  39.72 2177    0.4
  51709  75.98  39.47 1291    1.0
  51711  78.45  40.93 1986   0.01
  51777  88.17  39.03  890   0.01
  51811  77.27  38.43 1232   0.01
  51818  78.28  37.62 1376   0.01
  51886  90.85  38.25 2947   0.01
  52436  97.03  40.27 1527   0.01
  52737  97.38  37.37 2982    0.2
  52754 100.13  37.33 3302   0.01
  52787 102.87  37.20 3040   0.01
  52818  94.92  36.42 2808    0.1
  52825  96.43  36.43 2791    0.3
  52836  98.10  36.30 3190    1.0
  52856 100.62  36.27 2836    1.6
  52866 101.75  36.73 2296    0.3
  52868 101.43  36.03 2238   0.01
  52876 102.83  36.33 1814    0.1
  52884 103.95  36.35 1670   0.01
  52889 103.88  36.05 1518    0.2
  52895 104.68  36.57 1399   0.01
  52955 100.73  35.58 3119    0.1
  52974 102.02  35.52 2492    0.2
  52983 104.15  35.87 1875    0.7
  52984 103.18  35.58 1918    0.8
  52986 103.87  35.37 1894    2.1
  52996 105.02  35.38 2450    1.3
  53602 105.67  38.83 1562   0.01
  53903 105.72  35.97 1917   0.01
  53910 106.20  35.67 2839    1.4
  53915 106.67  35.55 1348   0.01
  53929 107.80  35.20 1206    0.1
  54012 117.60  44.58 1002    0.2
  54026 120.90  44.57  265   0.01
  54041 123.07  44.80  150   0.01
  54049 123.97  44.25  190    0.1
  54063 126.00  44.97  197   0.01
  54064 125.15  44.38  171    0.1
  54102 116.12  43.95 1003   0.01
  54134 121.28  43.60  242    0.1
  54135 122.27  43.60  180    0.1
  54142 123.53  43.50  116   0.01
  54157 124.33  43.17  167    0.6
  54161 125.22  43.90  238    0.2
  54165 125.63  43.55  220    0.1
  54171 126.52  43.70  232    0.1
  54236 122.55  42.38   84    0.1
  54243 124.12  42.78  165    0.4
  54254 124.05  42.53  102    0.1
  54259 124.92  42.10  235    0.1
  54260 125.08  42.92  254    0.2
  54263 126.05  42.97  339   0.01
  54266 125.63  42.53  341   0.01
  54273 126.75  42.98  264   0.01
  54276 126.82  42.35  550   0.01
  54284 127.57  42.10  775    0.1
  54333 122.85  41.97   32   0.01
  54337 121.12  41.13   70   0.01
  54339 123.00  41.08   78    0.2
  54342 123.52  41.73   49   0.01
  54346 123.78  41.32  186   0.01
  54349 124.12  41.30  214    0.2
  54351 124.08  41.92  116    0.1
  54353 125.05  41.73  328   0.01
  54363 125.90  41.68  404   0.01
  54386 128.18  41.42  777   0.01
  54471 122.17  40.65    4   0.01
  54472 122.72  40.88   26    0.8
  54476 122.15  40.17   37   0.01
  54486 123.28  40.28   81   0.01
  54660 121.23  38.82   65    0.1
  54662 121.63  38.90   90   0.01
  54751 120.73  37.93   43   0.01
  54753 120.33  37.63    4   0.01
  54764 121.25  37.50   33    1.7
  54774 122.13  37.47   64    0.3
  54776 122.70  37.40   46   0.01
  54842 119.95  36.77   52    0.2
  55655  85.97  28.18 3811    0.4
  56018  95.28  32.88 4068    1.3
  56021  95.80  34.12 4176    0.1
  56029  97.00  33.00 3682    2.5
  56033  98.22  34.92 4274   0.01
  56034  97.13  33.80 4416    0.5
  56038  98.10  32.98 4201    1.9
  56043 100.23  34.48 3720   0.01
  56046  99.65  33.75 3968    1.8
  56065 101.60  34.73 3501   0.01
  56067 101.48  33.43 3630    1.6
  56074 102.08  34.00 3473    0.2
  56079 102.97  33.58 3442    1.0
  56080 102.90  35.00 2911    0.4
  56093 104.02  34.43 2316    0.4
  56096 104.92  33.40 1081    1.1
  56146 100.00  31.62 3395    0.1
  56151 100.75  32.93 3531    3.1
  56152 100.33  32.28 3895    3.9
  56173 102.55  32.80 3492    0.3
  56182 103.57  32.65 2852    0.6
  56187 103.87  30.75  548    4.2
  56188 103.67  31.00  689    4.7
  56196 104.73  31.45  519    0.9
  56202  93.28  30.67 4489   0.01
  56287 103.00  29.98  629    5.3
  56374 101.97  30.05 2615    0.2
  56385 103.33  29.52 3047    2.3
  56386 103.75  29.57  422    6.9
  56434  97.47  28.65 2331   0.01
  56462 101.50  29.00 2931   0.01
  56475 102.52  28.65 1660    0.5
  56479 102.85  28.00 2133    8.5
  56485 103.58  28.27 1254    4.6
  56492 104.60  28.80  342    5.5
  56533  98.67  27.75 1587   0.01
  56543  99.70  27.83 3277   0.01
  56548  99.28  27.17 2326   0.01
  56565 101.52  27.43 2545   0.01
  56571 102.27  27.90 1592    1.3
  56586 103.72  27.35 1950    0.9
  56684 103.28  26.42 2110   0.01
  56691 104.28  26.87 2239    2.3
  56693 104.87  26.58 1817   0.01
  56792 104.97  25.78 1648   0.01
  56793 104.47  25.72 1796    0.2
  56986 103.68  22.98 1412   0.01
  57003 106.83  34.90  925    1.2
  57014 105.87  34.57 1085    0.4
  57028 107.32  34.03 1544    0.1
  57106 106.15  33.32  797    0.2
  57124 106.93  33.63 1031   0.01
  57127 107.03  33.07  509    0.1
  57206 105.85  32.43  513   0.01
  57211 106.25  32.83  832    1.8
  57405 105.55  30.50  355    0.1
  57502 105.70  29.70  395    3.1
  57503 105.12  29.62  351    3.0
  57517 106.25  29.28  256    0.8
  57604 105.38  28.78  369    3.9
  57608 105.43  28.17  378    0.3
  57707 105.28  27.30 1511   11.5
  57722 107.47  27.77  792    0.1
  59324 117.03  23.43    7   0.01
  59981 112.33  16.83    5    9.6
  59985 111.62  16.53    4    5.2
