diamond  3 2013年12月22日05点24小时降雨量                    
  13  12  22  05    -2 3 10 25 50 1 0
 39 122.7  37.3 122.5  36.7 120.8  36.2 119.3  35.0 120.4  34.3
 121.1  32.7 122.3  30.9 122.5  30.1 121.5  28.0 119.8  25.0
 116.1  22.6 111.0  21.0 111.0  18.6 109.6  18.1 108.3  18.5
 108.9  19.9 109.3  21.0 106.4  21.6 104.1  22.2 101.6  20.8
  98.7  22.0  97.1  24.1  97.7  27.0  91.7  26.6  85.7  27.7
  78.9  30.6  73.3  37.1  74.1  40.7  87.6  49.8  98.5  43.9
 110.4  44.3 122.0  54.7 135.7  48.3 131.5  42.2 125.2  39.4
 121.3  38.5 121.2  40.3 118.5  38.6 120.8  38.1
1                    104
  50774 128.92  47.73  245   0.01
  50788 131.98  47.23   68    0.2
  50873 130.30  46.78   83   0.01
  50888 132.18  46.32   83   0.01
  50968 127.97  45.22  191   0.01
  50978 130.93  45.30  281    0.4
  50983 132.97  45.77  104   0.01
  51059  85.87  47.43  984   0.01
  51133  83.00  46.73  536    0.2
  51232  82.57  45.18  338   0.01
  51238  82.07  44.90  533   0.01
  51241  83.60  45.93 1077   0.01
  51243  84.85  45.62  456   0.01
  51334  82.90  44.60  320   0.01
  51346  84.67  44.43  478   0.01
  51379  89.57  44.02  794   0.01
  51431  81.33  43.95  663   0.01
  51477  88.32  43.35 1105    0.5
  51526  88.22  42.23  924   0.01
  51567  86.57  42.08 1057    0.5
  51628  80.23  41.17 1105   0.01
  51656  86.13  41.75  932   0.01
  51701  75.40  40.52 3507   0.01
  51704  76.17  39.72 1300   0.01
  51705  75.25  39.72 2177   0.01
  51709  75.98  39.47 1291   0.01
  51716  78.57  39.80 1117   0.01
  51811  77.27  38.43 1232   0.01
  51818  78.28  37.62 1376    0.1
  51828  79.93  37.13 1374    0.1
  52856 100.62  36.27 2836    0.1
  52866 101.75  36.73 2296   0.01
  54096 131.17  44.40  569   0.01
  54243 124.12  42.78  165   0.01
  54259 124.92  42.10  235   0.01
  54263 126.05  42.97  339   0.01
  54273 126.75  42.98  264   0.01
  54276 126.82  42.35  550   0.01
  54284 127.57  42.10  775   0.01
  54349 124.12  41.30  214   0.01
  54351 124.08  41.92  116   0.01
  54353 125.05  41.73  328   0.01
  54842 119.95  36.77   52   0.01
  55690  91.95  27.98 4281   0.01
  56018  95.28  32.88 4068   0.01
  56029  97.00  33.00 3682    0.6
  56038  98.10  32.98 4201    0.3
  56046  99.65  33.75 3968    0.2
  56074 102.08  34.00 3473    0.1
  56079 102.97  33.58 3442   0.01
  56080 102.90  35.00 2911   0.01
  56146 100.00  31.62 3395   0.01
  56151 100.75  32.93 3531    0.5
  56172 102.23  31.90 2666    0.1
  56173 102.55  32.80 3492   0.01
  56182 103.57  32.65 2852   0.01
  56187 103.87  30.75  548    0.1
  56188 103.67  31.00  689    1.4
  56196 104.73  31.45  519   0.01
  56287 103.00  29.98  629    1.2
  56374 101.97  30.05 2615   0.01
  56385 103.33  29.52 3047    0.4
  56386 103.75  29.57  422    0.2
  56475 102.52  28.65 1660   0.01
  56479 102.85  28.00 2133    0.7
  56485 103.58  28.27 1254    0.2
  56492 104.60  28.80  342    0.2
  56548  99.28  27.17 2326   0.01
  56571 102.27  27.90 1592    0.2
  56586 103.72  27.35 1950    0.1
  56684 103.28  26.42 2110   0.01
  56691 104.28  26.87 2239    0.9
  56693 104.87  26.58 1817    1.1
  56786 103.83  25.58 1900    1.1
  56792 104.97  25.78 1648    0.5
  56793 104.47  25.72 1796    0.9
  57028 107.32  34.03 1544   0.01
  57124 106.93  33.63 1031   0.01
  57127 107.03  33.07  509    0.2
  57206 105.85  32.43  513    0.1
  57211 106.25  32.83  832    0.2
  57237 108.03  32.07  674    1.6
  57238 107.90  32.53  694    0.3
  57313 106.77  31.87  416   0.01
  57405 105.55  30.50  355    0.5
  57411 106.10  30.78  309   0.01
  57502 105.70  29.70  395    1.4
  57503 105.12  29.62  351    0.3
  57512 106.28  29.97  231    0.1
  57516 106.47  29.58  260    0.4
  57517 106.25  29.28  256    0.6
  57604 105.38  28.78  369    0.3
  57606 106.83  28.13  972   0.01
  57614 106.22  28.33 1179    0.2
  57707 105.28  27.30 1511    1.1
  57710 106.40  27.80  890   0.01
  57712 106.95  27.73  983   0.01
  57718 106.73  27.10 1040    0.1
  57722 107.47  27.77  792    0.1
  57803 106.02  27.03 1234    0.1
  57805 105.77  26.68 1323   0.01
  57902 105.18  25.43 1379    0.1
  57907 104.90  25.08 1298   0.01
  59849 109.83  19.03  252   0.01
