diamond  3 2013年12月23日05点24小时降雨量                    
  13  12  23  05    -2 3 10 25 50 1 0
 39 122.7  37.3 122.5  36.7 120.8  36.2 119.3  35.0 120.4  34.3
 121.1  32.7 122.3  30.9 122.5  30.1 121.5  28.0 119.8  25.0
 116.1  22.6 111.0  21.0 111.0  18.6 109.6  18.1 108.3  18.5
 108.9  19.9 109.3  21.0 106.4  21.6 104.1  22.2 101.6  20.8
  98.7  22.0  97.1  24.1  97.7  27.0  91.7  26.6  85.7  27.7
  78.9  30.6  73.3  37.1  74.1  40.7  87.6  49.8  98.5  43.9
 110.4  44.3 122.0  54.7 135.7  48.3 131.5  42.2 125.2  39.4
 121.3  38.5 121.2  40.3 118.5  38.6 120.8  38.1
1                     79
  50353 126.65  51.72  178   0.01
  50468 127.45  50.25  171   0.01
  50862 128.02  46.98  213   0.01
  51053  86.40  48.05  534   0.01
  51059  85.87  47.43  984    0.5
  51076  88.08  47.73  737   0.01
  51087  89.52  46.98  809   0.01
  51133  83.00  46.73  536    0.3
  51232  82.57  45.18  338    2.0
  51238  82.07  44.90  533   0.01
  51241  83.60  45.93 1077    1.4
  51243  84.85  45.62  456    1.0
  51288  90.53  45.37 1654   0.01
  51330  81.02  44.97 1359   0.01
  51334  82.90  44.60  320    0.8
  51346  84.67  44.43  478    0.1
  51358  85.82  44.28  469    1.7
  51365  87.53  44.20  441    0.4
  51367  86.82  44.13  524    1.9
  51379  89.57  44.02  794   0.01
  51431  81.33  43.95  663    3.0
  51433  82.52  43.80 1106    1.4
  51437  81.13  43.15 1854    0.7
  51463  87.65  43.78  935    2.3
  51469  87.18  43.45 1928    0.1
  51470  88.12  43.88 1942    1.0
  51477  88.32  43.35 1105    0.5
  51542  84.15  43.03 2459    0.7
  51567  86.57  42.08 1057   0.01
  51628  80.23  41.17 1105   0.01
  51633  81.90  41.78 1230   0.01
  51642  84.25  41.78  978   0.01
  51644  82.97  41.72 1083    0.1
  51704  76.17  39.72 1300   0.01
  51709  75.98  39.47 1291   0.01
  51810  77.63  38.92 1179   0.01
  51828  79.93  37.13 1374   0.01
  51839  82.72  37.07 1410   0.01
  51855  85.55  38.15 1248   0.01
  51931  81.65  36.85 1423   0.01
  52101  93.05  43.60 1674   0.01
  52856 100.62  36.27 2836   0.01
  53942 109.50  35.82 1159   0.01
  54276 126.82  42.35  550    0.1
  56046  99.65  33.75 3968    0.3
  56187 103.87  30.75  548    0.6
  56188 103.67  31.00  689    2.3
  56196 104.73  31.45  519   0.01
  56287 103.00  29.98  629    1.1
  56374 101.97  30.05 2615   0.01
  56385 103.33  29.52 3047    0.3
  56386 103.75  29.57  422    0.6
  56475 102.52  28.65 1660   0.01
  56479 102.85  28.00 2133    0.1
  56485 103.58  28.27 1254    0.2
  56492 104.60  28.80  342    0.5
  56586 103.72  27.35 1950    0.1
  56691 104.28  26.87 2239    0.6
  56693 104.87  26.58 1817    2.3
  56786 103.83  25.58 1900   0.01
  56792 104.97  25.78 1648    0.8
  56793 104.47  25.72 1796    1.0
  57106 106.15  33.32  797   0.01
  57124 106.93  33.63 1031   0.01
  57206 105.85  32.43  513    0.2
  57211 106.25  32.83  832    0.4
  57503 105.12  29.62  351    0.1
  57517 106.25  29.28  256   0.01
  57604 105.38  28.78  369    0.2
  57606 106.83  28.13  972    0.1
  57608 105.43  28.17  378    0.6
  57612 106.65  29.02  255   0.01
  57614 106.22  28.33 1179    0.2
  57707 105.28  27.30 1511    0.4
  57710 106.40  27.80  890   0.01
  57805 105.77  26.68 1323   0.01
  57806 105.90  26.25 1430   0.01
  57902 105.18  25.43 1379    0.2
  57907 104.90  25.08 1298    0.2
