diamond  3 2013年12月20日05点24小时降雨量                    
  13  12  20  05    -2 3 10 25 50 1 0
 39 122.7  37.3 122.5  36.7 120.8  36.2 119.3  35.0 120.4  34.3
 121.1  32.7 122.3  30.9 122.5  30.1 121.5  28.0 119.8  25.0
 116.1  22.6 111.0  21.0 111.0  18.6 109.6  18.1 108.3  18.5
 108.9  19.9 109.3  21.0 106.4  21.6 104.1  22.2 101.6  20.8
  98.7  22.0  97.1  24.1  97.7  27.0  91.7  26.6  85.7  27.7
  78.9  30.6  73.3  37.1  74.1  40.7  87.6  49.8  98.5  43.9
 110.4  44.3 122.0  54.7 135.7  48.3 131.5  42.2 125.2  39.4
 121.3  38.5 121.2  40.3 118.5  38.6 120.8  38.1
1                    163
  50434 121.68  50.48  733    0.2
  50468 127.45  50.25  171   0.01
  50527 119.75  49.22  612    0.1
  50557 125.23  49.17  243    0.2
  50564 127.35  49.43  235    0.2
  50618 118.27  48.22  644    0.1
  50632 121.92  48.77  741    0.3
  50639 122.73  48.00  308   0.01
  50727 119.93  47.17  997    0.4
  50739 123.18  47.33  191    0.8
  50742 124.48  47.80  164   0.01
  50745 123.92  47.38  148    0.3
  50834 121.22  46.60  501    0.1
  50838 122.05  46.08  276    0.5
  50844 123.45  46.40  139    0.2
  50853 126.97  46.62  180    0.1
  50854 125.32  46.38  150    0.1
  50873 130.30  46.78   83   0.01
  50877 129.58  46.30  105   0.01
  50888 132.18  46.32   83   0.01
  50915 116.97  45.52  838   0.01
  50936 122.83  45.63  156    0.2
  50945 124.27  45.50  138    0.1
  50948 124.02  45.00  148    0.2
  50949 124.87  45.08  137    0.4
  50950 125.25  45.70  150    1.2
  50953 126.77  45.75  146    0.9
  50955 126.30  45.38  167    0.2
  50968 127.97  45.22  191    0.9
  50973 130.60  45.75  242    0.2
  50978 130.93  45.30  281    1.1
  51087  89.52  46.98  809   0.01
  51133  83.00  46.73  536   0.01
  51232  82.57  45.18  338   0.01
  51238  82.07  44.90  533   0.01
  51241  83.60  45.93 1077   0.01
  51288  90.53  45.37 1654    0.3
  51334  82.90  44.60  320   0.01
  51346  84.67  44.43  478    0.1
  51358  85.82  44.28  469   0.01
  51365  87.53  44.20  441    0.3
  51367  86.82  44.13  524    0.7
  51379  89.57  44.02  794    1.2
  51431  81.33  43.95  663    0.1
  51433  82.52  43.80 1106   0.01
  51437  81.13  43.15 1854   0.01
  51463  87.65  43.78  935    1.7
  51467  86.30  42.73 1739    0.2
  51469  87.18  43.45 1928    0.3
  51470  88.12  43.88 1942    1.0
  51477  88.32  43.35 1105   0.01
  51567  86.57  42.08 1057    0.3
  51656  86.13  41.75  932    0.2
  51705  75.25  39.72 2177   0.01
  51711  78.45  40.93 1986   0.01
  51777  88.17  39.03  890   0.01
  51839  82.72  37.07 1410    1.0
  51855  85.55  38.15 1248    1.1
  51931  81.65  36.85 1423   0.01
  52101  93.05  43.60 1674    0.2
  52203  93.52  42.82  739   0.01
  52825  96.43  36.43 2791    0.4
  52856 100.62  36.27 2836    0.5
  52866 101.75  36.73 2296    0.2
  52955 100.73  35.58 3119    0.2
  52974 102.02  35.52 2492   0.01
  52983 104.15  35.87 1875    0.4
  52984 103.18  35.58 1918    0.1
  52986 103.87  35.37 1894    0.9
  52996 105.02  35.38 2450    1.7
  53910 106.20  35.67 2839    1.7
  53915 106.67  35.55 1348   0.01
  54012 117.60  44.58 1002    0.3
  54041 123.07  44.80  150    0.1
  54049 123.97  44.25  190   0.01
  54063 126.00  44.97  197   0.01
  54064 125.15  44.38  171    0.2
  54094 129.60  44.57  242    5.7
  54096 131.17  44.40  569    1.3
  54134 121.28  43.60  242    0.1
  54135 122.27  43.60  180   0.01
  54157 124.33  43.17  167    0.7
  54161 125.22  43.90  238   0.01
  54165 125.63  43.55  220   0.01
  54171 126.52  43.70  232   0.01
  54186 128.20  43.37  525    0.9
  54195 129.78  43.30  244    1.0
  54208 116.47  42.18 1247    0.1
  54236 122.55  42.38   84    0.5
  54237 121.75  42.07  172    0.1
  54243 124.12  42.78  165    0.8
  54254 124.05  42.53  102    0.6
  54259 124.92  42.10  235    0.7
  54260 125.08  42.92  254   0.01
  54263 126.05  42.97  339    0.1
  54266 125.63  42.53  341    0.1
  54273 126.75  42.98  264    1.2
  54276 126.82  42.35  550    1.5
  54284 127.57  42.10  775    0.9
  54285 128.12  42.42  722    2.9
  54286 129.00  42.53  475    2.9
  54292 129.50  42.87  256    2.1
  54333 122.85  41.97   32    0.6
  54334 121.23  41.52   69   0.01
  54335 122.08  41.68   41    0.8
  54337 121.12  41.13   70   0.01
  54339 123.00  41.08   78    1.0
  54342 123.52  41.73   49    0.9
  54346 123.78  41.32  186    1.3
  54349 124.12  41.30  214    2.2
  54351 124.08  41.92  116    0.2
  54353 125.05  41.73  328    3.4
  54363 125.90  41.68  404    4.1
  54365 125.35  41.28  252    3.3
  54374 126.88  41.80  381    0.2
  54377 126.15  41.10  178    5.8
  54386 128.18  41.42  777   0.01
  54470 122.07  41.02    6    0.7
  54471 122.17  40.65    4    0.6
  54472 122.72  40.88   26    2.1
  54476 122.15  40.17   37    0.3
  54486 123.28  40.28   81    0.2
  54493 124.78  40.72  262    1.4
  54497 124.33  40.05   12    0.1
  54563 122.02  39.63  119    0.4
  54660 121.23  38.82   65    1.2
  54662 121.63  38.90   90    0.9
  54751 120.73  37.93   43   0.01
  54753 120.33  37.63    4   0.01
  54764 121.25  37.50   33    0.4
  54774 122.13  37.47   64    2.5
  54776 122.70  37.40   46    0.2
  54842 119.95  36.77   52   0.01
  54863 121.18  36.78   40    0.5
  55690  91.95  27.98 4281   0.01
  56029  97.00  33.00 3682   0.01
  56033  98.22  34.92 4274   0.01
  56038  98.10  32.98 4201    0.2
  56065 101.60  34.73 3501    0.2
  56080 102.90  35.00 2911   0.01
  56093 104.02  34.43 2316   0.01
  56096 104.92  33.40 1081    0.2
  56187 103.87  30.75  548   0.01
  56188 103.67  31.00  689    0.5
  56257 100.27  30.00 3950   0.01
  56287 103.00  29.98  629    1.7
  56385 103.33  29.52 3047    0.8
  56386 103.75  29.57  422    0.2
  56459 101.27  27.93 2424   0.01
  56462 101.50  29.00 2931   0.01
  56475 102.52  28.65 1660    2.1
  56479 102.85  28.00 2133   0.01
  56485 103.58  28.27 1254    0.3
  56492 104.60  28.80  342   0.01
  56543  99.70  27.83 3277    0.1
  56565 101.52  27.43 2545   0.01
  56586 103.72  27.35 1950   0.01
  57003 106.83  34.90  925    0.3
  57206 105.85  32.43  513   0.01
  57503 105.12  29.62  351    0.1
  57516 106.47  29.58  260    0.1
  58556 120.82  29.60  103   0.01
  59981 112.33  16.83    5    0.1
