diamond  3 2014年01月06日11点1小时加密降水量                 
  14  01  06  11    -1  2  0  0  1  0
 39 122.7  37.3 122.5  36.7 120.8  36.2 119.3  35.0 120.4  34.3
 121.1  32.7 122.3  30.9 122.5  30.1 121.5  28.0 119.8  25.0
 116.1  22.6 111.0  21.0 111.0  18.6 109.6  18.1 108.3  18.5
 108.9  19.9 109.3  21.0 106.4  21.6 104.1  22.2 101.6  20.8
  98.7  22.0  97.1  24.1  97.7  27.0  91.7  26.6  85.7  27.7
  78.9  30.6  73.3  37.1  74.1  40.7  87.6  49.8  98.5  43.9
 110.4  44.3 122.0  54.7 135.7  48.3 131.5  42.2 125.2  39.4
 121.3  38.5 121.2  40.3 118.5  38.6 120.8  38.1
1                     41
 51431  81.33  43.95   662    0.1
 51463  87.65  43.78   935    0.1
 52996 105.02  35.38  2450    0.2
 57208 105.52  32.28   544    0.4
 57308 105.38  31.22   421    0.4
 57309 105.88  30.98   378    0.2
 57317 106.42  31.03   324    0.1
 57402 105.70  30.77   394    0.2
 57614 106.22  28.34  1180    0.1
 57719 106.97  27.07  1275    0.1
 59218 106.42  23.13   739    0.1
 59626 107.95  21.56    56    0.1
 50136 122.52  52.97   438    0.1
 51434  81.53  43.97   770    0.2
 56195 104.73  31.80   543    0.2
 56196 104.73  31.45   522    0.2
 57320 107.22  31.93   482    0.7
 57405 105.55  30.50   355    0.1
 59421 107.20  22.83   255    0.1
 54421 117.12  40.65   293    0.1
 56190 104.55  31.55   519    0.3
 57303 105.92  31.73   459    0.5
 57729 107.88  27.23   622    0.1
 50603 116.82  48.67   554    0.4
 51430  81.15  43.83   602    0.3
 51436  83.30  43.45   928    0.4
 56194 104.45  31.63   597    0.3
 56198 104.50  31.32   525    0.3
 56199 104.68  31.03   423    0.1
 57217 106.28  32.23   485    0.5
 57349 109.87  31.07   275    0.1
 57734 108.23  27.57   467    0.2
 51356  86.05  44.32   442    0.2
 51367  86.85  44.17   575    0.3
 57216 106.83  32.35   579    0.6
 57314 106.07  31.35   405    0.5
 57606 106.83  28.13   972    0.1
 57717 106.83  27.53   974    0.1
 59033 108.90  24.78   328    0.2
 59037 108.10  23.93   170    0.2
 59515 117.34  22.33    10   48.5
