diamond  3 2014年01月06日13点1小时加密降水量                 
  14  01  06  13    -1  2  0  0  1  0
 39 122.7  37.3 122.5  36.7 120.8  36.2 119.3  35.0 120.4  34.3
 121.1  32.7 122.3  30.9 122.5  30.1 121.5  28.0 119.8  25.0
 116.1  22.6 111.0  21.0 111.0  18.6 109.6  18.1 108.3  18.5
 108.9  19.9 109.3  21.0 106.4  21.6 104.1  22.2 101.6  20.8
  98.7  22.0  97.1  24.1  97.7  27.0  91.7  26.6  85.7  27.7
  78.9  30.6  73.3  37.1  74.1  40.7  87.6  49.8  98.5  43.9
 110.4  44.3 122.0  54.7 135.7  48.3 131.5  42.2 125.2  39.4
 121.3  38.5 121.2  40.3 118.5  38.6 120.8  38.1
1                     27
 51431  81.33  43.95   662    0.1
 53916 106.32  35.50  1948    0.4
 56074 102.08  34.00  3471    0.2
 57208 105.52  32.28   544    0.3
 57308 105.38  31.22   421    0.1
 57720 107.17  27.88   889    0.1
 57741 109.18  27.72   282    0.1
 50514 117.32  49.58   661    0.6
 56195 104.73  31.80   543    0.1
 56196 104.73  31.45   522    0.1
 57237 108.03  32.07   674    0.2
 57320 107.22  31.93   482    0.1
 57303 105.92  31.73   459    0.4
 57729 107.88  27.23   622    0.1
 57947 109.40  25.21   121    0.1
 50603 116.82  48.67   554    0.2
 57217 106.28  32.23   485    0.2
 57734 108.23  27.57   467    0.1
 59235 108.62  23.43   115    0.1
 50924 119.67  45.53   823    0.2
 57216 106.83  32.35   579    0.5
 57314 106.07  31.35   405    0.2
 57606 106.83  28.13   972    0.1
 57765 110.28  27.34  1404    0.2
 59033 108.90  24.78   328    0.2
 59037 108.10  23.93   170    0.6
 59038 108.65  24.07   138    0.1
