diamond  3 2014年01月06日10点1小时加密降水量                 
  14  01  06  10    -1  2  0  0  1  0
 39 122.7  37.3 122.5  36.7 120.8  36.2 119.3  35.0 120.4  34.3
 121.1  32.7 122.3  30.9 122.5  30.1 121.5  28.0 119.8  25.0
 116.1  22.6 111.0  21.0 111.0  18.6 109.6  18.1 108.3  18.5
 108.9  19.9 109.3  21.0 106.4  21.6 104.1  22.2 101.6  20.8
  98.7  22.0  97.1  24.1  97.7  27.0  91.7  26.6  85.7  27.7
  78.9  30.6  73.3  37.1  74.1  40.7  87.6  49.8  98.5  43.9
 110.4  44.3 122.0  54.7 135.7  48.3 131.5  42.2 125.2  39.4
 121.3  38.5 121.2  40.3 118.5  38.6 120.8  38.1
1                     47
 51431  81.33  43.95   662    0.1
 52996 105.02  35.38  2450    0.2
 56746  99.52  25.47  1616    0.1
 57208 105.52  32.28   544    1.0
 57308 105.38  31.22   421    0.3
 57309 105.88  30.98   378    0.3
 57317 106.42  31.03   324    0.1
 57351 111.00  30.83   206    0.1
 57402 105.70  30.77   394    0.3
 57615 106.44  28.61  1208    0.2
 57720 107.17  27.88   889    0.2
 59218 106.42  23.13   739    0.1
 50514 117.32  49.58   661    0.2
 51437  81.13  43.15  1851    0.2
 56195 104.73  31.80   543    0.6
 56196 104.73  31.45   522    0.8
 57313 106.77  31.87   417    0.3
 57320 107.22  31.93   482    0.4
 57718 106.72  27.10  1112    0.1
 57948 109.25  25.08   122    0.3
 59421 107.20  22.83   255    0.1
 56190 104.55  31.55   519    0.6
 57303 105.92  31.73   459    0.6
 57339 108.68  30.95   297    0.1
 57947 109.40  25.21   121    0.3
 50603 116.82  48.67   554    0.3
 51357  85.62  44.33   522    0.7
 51436  83.30  43.45   928    0.3
 52968 101.47  35.03  3662    0.2
 56194 104.45  31.63   597    0.3
 56198 104.50  31.32   525    0.5
 56199 104.68  31.03   423    0.2
 56692 104.69  26.86  2835    0.1
 57217 106.28  32.23   485    0.7
 57349 109.87  31.07   275    0.4
 57355 110.37  31.03   334    0.2
 57734 108.23  27.57   467    0.1
 58006 115.88  34.38    46    0.1
 57216 106.83  32.35   579    0.9
 57314 106.07  31.35   405    0.6
 57326 107.72  31.37   389    0.1
 57717 106.83  27.53   974    0.2
 57723 107.72  27.98   710    0.1
 57822 107.90  26.90   835    0.1
 59033 108.90  24.78   328    0.1
 59038 108.65  24.07   138    0.1
 59515 117.34  22.33    10    0.9
