diamond  3 2014年01月14日08时海平面气压                      
  14  01  14  08 1000 16 50 45 40 35 30 25 20 15 10 5 0 -5 -10 -15 -20 -25 0 0
0 1   579
01028  19.00  74.52    18    22
01055  23.97  71.08    14    18
01152  14.35  67.27    12    17
01415   5.63  58.88     8     6
02186  22.12  65.53    17    22
02226  14.50  63.18   359    20
02464  17.88  59.35    13    17
02836  26.63  67.37   179    24
02935  25.68  62.40   145    18
06180  12.63  55.60     5     9
06610   6.93  46.80   490    11
06660   8.55  47.37   557    11
07149   2.38  48.72    90     6
07650   5.20  43.43    32    10
07761   8.78  41.92     9    12
08306   2.73  39.55     5    15
10035   9.53  54.52    43     8
10410   6.97  51.40   149     9
10637   8.58  50.03   113    11
10739   9.20  48.82   317    11
10870  11.80  48.33   446    13
11036  16.57  48.10   184    14
11518  14.25  50.10   365    13
12375  20.95  52.15   106    17
13272  20.28  44.82    99    17
15120  23.57  46.77   410    22
15420  26.07  44.50    91    22
15614  23.38  42.65   591    23
16420  15.53  38.18    54    17
16597  14.48  35.85    91    17
16754  25.18  35.33    39    17
17038  39.72  41.00    34    21
17050  26.57  41.67    51    21
17060  28.82  40.97    33    21
17128  33.00  40.12   959    25
17240  30.55  37.75   997    21
20046  58.05  80.62    24    12
20069  76.97  79.48    10    17
20087  90.57  79.55     8    20
20292 104.28  77.70    15    24
20353  68.55  76.95     8    17
20667  70.05  73.32     5    27
20674  80.40  73.50    46    31
20744  52.70  72.37    14    15
20891 102.45  71.97    32    33
21432 137.87  76.00    14    27
21802 114.08  71.97    17    31
21824 128.92  71.58     7    31
21946 147.88  70.62    61    33
22113  33.03  68.95    50    20
22271  44.17  67.87     8    13
22550  40.72  64.50     8     9
22583  47.65  64.75    64     7
22820  34.27  61.82   111    10
22845  38.93  61.50   126     9
22887  46.68  61.23    55     3
23205  53.02  67.62    11    10
23256  78.73  67.47    27    18
23330  66.67  66.52    16    13
23418  57.13  65.12    59     6
23472  87.98  65.78    37    24
23552  77.82  64.92    27    12
23631  65.05  63.93    32    12
23804  50.78  61.67   118     1
23955  77.87  60.43    48    16
23966  84.08  60.35  9999    21
24125 112.43  68.50   219    33
24143 124.00  68.73    38    33
24266 133.40  67.57   136    36
24329 114.28  66.25   235    33
24343 123.40  66.77    92    33
24382 143.23  66.45   195    36
24507 100.22  64.27   190    40
24641 121.62  63.78   110    27
24688 143.15  63.25   739    44
24817 108.02  61.27   290    31
24908 102.28  60.33   260    37
24944 120.42  60.40   229    24
24959 129.72  62.02   100    31
24966 134.45  60.38   170    32
25400 150.90  65.73    42    34
25913 150.78  59.55   116    16
26038  24.60  59.38    34    16
26063  30.30  59.97     6    12
26298  34.03  57.88   186    11
26422  23.97  56.92     8    16
26781  32.07  54.75   238    15
26850  27.63  53.92   223    18
27037  39.92  59.32   129     7
27595  49.20  55.73   118    -5
27612  37.62  55.83   156     9
27947  41.33  52.80   128     5
28064  65.72  59.63    72    11
28275  68.25  58.15    46    15
28440  60.63  56.83   281    10
28493  74.38  56.90    73    19
28698  73.38  55.02   122    19
28722  55.80  54.70   104     6
28838  59.08  53.35   384    14
28952  63.62  53.22   170    20
29231  82.95  58.32    75    22
29263  92.20  58.45    78    30
29430  84.92  56.50   139    25
29612  78.30  55.35   119    19
29698  99.03  54.88   411    33
29838  83.52  53.43   185    26
30054 112.58  59.45   190    27
30230 108.07  57.77   258    31
30309 101.75  56.28   416    32
30372 118.27  56.90   710    32
30393 124.87  56.83   858    34
30433 109.57  55.78   479    29
30521 105.17  54.80   418    31
30554 113.57  54.43   902    36
30635 109.02  53.42   460    30
30673 119.73  53.75   624    32
30692 123.97  54.00   397    36
30710 104.32  52.27   469    34
30758 113.48  52.08   670    32
30777 117.70  52.23   525    32
30844 110.47  51.37   801    31
30935 108.75  50.37   770    35
30949 111.97  49.57   907    36
30965 116.52  50.40   675    32
30975 119.07  50.33   521    35
31004 125.37  58.62   679    22
31054 135.15  59.18   212    36
31088 143.20  59.37     5    20
31168 138.15  56.45     7    23
31329 132.93  53.08   542    42
31369 140.70  53.15    66    26
31371 126.00  52.78   209    37
31388 129.92  52.35   207    39
31416 136.50  52.42    70    31
31445 128.12  51.45   200    38
31532 132.25  50.87   271    42
31538 132.13  50.07   347    40
31594 130.08  49.42   134    38
31707 130.97  47.73    72    37
31713 132.95  48.73    77    36
31735 135.18  48.52    76    35
31832 134.27  46.80    67    38
31909 136.60  45.00    61    30
31939 133.87  44.15   258    40
31960 131.92  43.12   188    37
32098 143.10  49.22     8    19
32150 142.72  46.95    24    19
32165 145.87  44.02    45    14
32389 160.83  56.32    28     9
32411 155.58  55.58     5     4
32618 165.98  55.20    17     2
33345  30.57  50.40   167    17
33393  23.95  49.82   323    20
33791  33.22  48.03   124    17
33837  30.77  46.43    42    21
33946  34.13  44.68   181    20
34009  36.17  51.77   247    11
34391  48.55  50.15    24     3
34560  44.37  48.78   134     7
34880  47.98  46.28   -20    11
35078  68.37  51.82   304    23
35121  55.07  51.68   117     9
35394  73.15  49.80   553    26
35416  54.68  49.07    95    10
35671  67.72  47.80   346    25
35700  51.92  47.12   -22     7
35796  75.08  46.80   350    27
35925  56.12  45.40    88    10
36003  76.93  52.30   122    21
36061  87.12  52.25   326    32
36103  96.12  52.47   919    54
36177  80.30  50.42   196    26
36428  84.52  49.20   401    36
36870  76.93  43.23   851    27
37018  39.07  44.10    61    16
37054  43.07  44.23   328    15
37472  47.50  43.00   -18    14
37985  48.83  38.73   -12    16
38001  50.25  44.55   -25    11
38062  65.50  44.85   130    24
38198  68.22  43.27   207    24
38232  54.12  42.97    78    11
38353  74.53  42.85   760    28
38392  59.82  41.75    82    17
38413  64.62  41.73   236    22
38457  69.30  41.33   477    23
38613  72.95  40.92   765    26
38696  66.95  39.63   725    24
38750  53.97  37.47   -22    13
38880  58.38  37.97   304    15
38895  62.18  37.60   240    16
38911  65.20  37.83   240    20
38987  62.35  35.28   625    19
40100  35.48  33.82    19    20
40199  34.95  29.55    20    17
40362  43.48  29.62   444    22
40400  36.48  26.20    24    15
40405  43.77  26.30   648    21
40430  39.70  24.55   636    16
40570  46.68  29.10   289    25
40582  47.97  29.22    47    25
40642  40.28  33.03   631    24
40650  44.40  33.30    32    24
40712  45.05  37.65  1328    22
40754  51.32  35.68  1191    21
40766  47.15  34.35  1319    27
40800  51.70  32.52  1550    26
40809  59.20  32.87  1491    22
40821  54.28  31.90  1237    21
40841  56.97  30.25  1754    21
40848  52.60  29.53  1484    23
40856  60.88  29.47  1370    21
41136  47.10  17.47   725    20
41140  42.58  16.88     7    14
41150  50.65  26.27     2    23
41196  55.52  25.33    33    21
41256  58.28  23.58     8    20
41288  58.88  20.67    19    19
41675  71.43  30.20   123    18
41715  68.47  28.30    56    18
41756  61.80  25.07    57    18
41768  69.78  25.52     6    16
41780  67.13  24.90    22    17
41936  89.17  23.18     7    15
42071  74.87  31.63   234    19
42165  73.30  28.00   224    17
42182  77.20  28.58   216    17
42369  80.88  26.75   124    18
42410  91.58  26.10    72    16
42591  84.95  24.75   116    18
42623  93.90  24.77   774    18
42634  69.80  23.25   117    15
42754  75.80  22.72   567    14
42809  88.45  22.65     6    15
42867  79.05  21.10   310    15
42886  84.08  21.92   230    16
42971  85.83  20.25    49    16
43003  72.85  19.12    14    13
43014  75.40  19.85   585    14
43041  82.03  19.08   554    16
43128  78.47  17.45   535    15
43150  83.30  17.68    69    15
43192  73.82  15.48    64    12
43237  77.63  14.58   372    14
43279  80.18  13.00    15    14
43284  74.88  12.92   106    12
44212  92.08  49.80   939    63
44218  91.57  48.02  1405    58
44231 100.17  49.63  1283    51
44239 103.55  48.80  1208    46
44241 106.07  48.92   807    45
44259 114.55  48.08   747    32
44272  96.85  47.75  1759    57
44277  96.25  46.40  2181    55
44282 101.47  47.45  1691    44
44288 102.78  46.27  1813    45
44292 106.87  47.92  1729    50
44298 108.22  46.45  1286    41
44304 110.63  47.32  1033    43
44341 106.28  45.77  1393    45
44352 112.37  45.73  1101    36
44354 110.12  44.90   938    39
44373 104.42  43.58  1465    43
45004 114.17  22.30    66    24
47008 129.82  41.78    43    34
47025 129.20  40.67    23    33
47041 127.55  39.93    22    33
47058 125.78  39.03    36    35
47108 126.95  37.57    87    34
47115 130.88  37.47   224    31
47159 129.02  35.10    70    31
47165 126.37  34.82    39    33
47184 126.52  33.50    21    32
47401 141.67  45.40    11    21
47412 141.32  43.05    26    24
47420 145.58  43.33    27    16
47426 142.78  42.17    38    24
47575 140.77  40.82     4    28
47582 140.08  39.72    21    28
47590 140.88  38.25    43    27
47600 136.88  37.38     6    32
47655 138.20  34.60    46    26
47662 139.77  35.68    36    28
47678 139.77  33.12   156    26
47740 133.33  36.20    32    29
47778 135.75  33.45    69    27
47800 129.30  34.20     4    30
47815 131.62  33.23    13    29
47909 129.50  28.38     8    23
47918 124.17  24.33    14    20
47927 125.28  24.80    41    20
47936 127.68  26.20    50    21
47945 131.23  25.83    20    19
47971 142.18  27.08     8    23
47991 153.98  24.28     8    20
48008  97.40  25.37   147    16
48018  96.33  24.17    95    15
48037  95.13  22.10    82    15
48042  96.10  21.98    76    14
48062  92.88  20.13     5    14
48080  94.35  18.47    11    12
48108  98.22  14.10    17    14
48109  93.37  14.12     3    14
48110  98.60  12.43    37    14
48327  98.97  18.77   314    18
48354 102.80  17.37   178    21
48375  98.53  16.70   197    16
48378 100.27  16.78    45    17
48407 104.87  15.25   123    19
48431 102.08  14.97   187    20
48455 100.55  13.72     4    16
48480 102.10  12.60     3    15
48500  99.80  11.83     5    15
48838 107.97  21.52     7    27
48839 107.72  20.13    56    25
48840 105.78  19.75     5    25
48845 105.68  18.67     6    24
48848 106.60  17.48     8    24
48855 108.35  16.07     7    21
48866 108.00  13.98   801    19
48870 109.22  13.77     6    17
48877 109.22  12.22     4    16
48887 108.10  10.93     5    14
48930 102.13  19.88   305    20
48940 102.57  17.95   171    19
50136 122.52  52.97   433    35
50246 124.72  52.35   361    37
50353 126.63  51.73   173    37
50434 121.68  50.48   732    41
50527 119.70  49.25   649    36
50557 125.23  49.17   242    38
50564 127.35  49.43   234    38
50603 116.82  48.67   554    33
50632 121.92  48.77   739    37
50658 125.88  48.05   236    38
50727 119.93  47.17   997    40
50745 123.92  47.38   147    36
50756 126.97  47.45   239    39
50774 128.83  47.70   264    40
50788 131.98  47.23    66    37
50888 132.18  46.32    83    37
50915 116.97  45.52   838    38
50949 124.87  45.08   136    36
50953 126.57  45.93   118    38
50978 130.92  45.30   272    39
50983 132.97  45.77   100    38
51053  86.40  48.05   532    35
51076  88.08  47.73   735    40
51087  89.52  46.98   807    41
51133  83.00  46.73   534    31
51156  85.72  46.78  1291    37
51232  82.57  45.18   336    41
51243  84.85  45.62   449    40
51379  89.57  44.02   793    41
51431  81.33  43.95   662    31
51463  87.65  43.78   935    37
51495  91.73  43.22   721    37
51573  89.20  42.93    34    36
51644  82.97  41.72  1081    35
51656  86.13  41.75   931    33
51709  75.98  39.47  1289    32
51716  78.57  39.80  1116    33
51777  88.17  39.03   887    35
51811  77.27  38.43  1231    32
51818  78.28  37.62  1375    31
51828  79.93  37.13  1375    30
51839  82.72  37.07  1409    31
51855  85.55  38.15  1247    33
52203  93.52  42.82   737    38
52267 101.07  41.95   940    38
52418  94.68  40.15  1139    35
52436  97.03  40.27  1526    36
52446  99.52  40.30  1177    37
52495 104.80  40.17  1323    41
52533  98.48  39.77  1477    36
52652 100.28  39.08  1461    36
52681 103.08  38.63  1367    36
52889 103.88  36.05  1517    35
53068 111.93  43.63   963    41
53083 114.15  44.62  1181    40
53149 110.13  42.53  1225    40
53192 114.95  44.02  1126    42
53276 112.90  42.40  1150    41
53336 108.52  41.57  1288    41
53352 110.43  41.70  1376    44
53391 114.00  41.90  1482    41
53463 111.57  40.85  1153    41
53480 113.07  41.03  1419    42
53487 113.42  40.08  1052    42
53502 105.75  39.78  1031    42
53513 107.37  40.73  1041    42
53529 107.97  39.08  1381    41
53543 109.98  39.83  1461    38
53564 111.15  39.38   861    42
53614 106.20  38.47  1110    37
53646 109.78  38.27  1157    38
53698 114.35  38.07   103    35
53705 105.68  37.48  1183    37
53723 107.38  37.80  1349    39
53772 112.58  37.62   776    38
53845 109.45  36.58  1180    38
53863 111.92  37.03   743    39
53898 114.40  36.05    62    35
53915 106.67  35.55  1346    35
53923 107.63  35.73  1421    33
53959 111.05  35.05   365    34
54012 117.60  44.58  1001    41
54026 120.90  44.57   265    35
54027 119.40  43.98   486    37
54094 129.60  44.57   241    40
54096 131.17  44.38   567    39
54102 116.12  43.95  1003    39
54115 118.03  43.63   825    37
54135 122.27  43.60   178    36
54157 124.33  43.17   165    37
54161 125.22  43.90   236    37
54208 116.47  42.18  1245    42
54218 118.83  42.30   668    38
54273 126.75  42.98   263    40
54285 128.12  42.42   721    42
54292 129.50  42.87   257    38
54337 121.12  41.13    65    36
54342 123.52  41.73    49    36
54374 126.88  41.80   379    41
54401 114.92  40.77   772    39
54423 117.92  40.97   422    38
54471 122.17  40.65     3    35
54493 124.78  40.72   260    37
54497 124.33  40.05    13    36
54511 116.47  39.80    31    36
54527 117.05  39.08     3    35
54534 118.10  39.65    23    35
54539 118.88  39.43    10    35
54602 115.48  38.73    16    35
54618 116.55  38.08    13    35
54662 121.63  38.90    91    35
54715 116.57  37.32    18    35
54725 117.53  37.50    11    35
54751 120.73  37.93    39    34
54776 122.70  37.40    47    34
54823 117.00  36.60   170    35
54843 119.20  36.75    22    35
54857 120.33  36.07    76    35
54863 121.18  36.78    40    35
54909 115.52  35.08    51    35
54916 116.85  35.57    51    36
54929 117.97  35.27   121    35
54945 119.53  35.43    36    35
56096 104.92  33.40  1079    31
56492 104.60  28.80   340    27
56838  97.85  24.00   762    20
56959 100.78  22.00   582    19
56964 100.97  22.78  1302    20
56966 101.98  23.60   400    26
56985 103.38  23.38  1300    27
56986 103.68  22.98  1414    27
57067 111.03  34.05   568    35
57071 112.43  34.82   333    34
57083 113.65  34.72   110    34
57127 107.03  33.07   509    31
57193 114.52  33.78    52    33
57237 108.03  32.07   674    31
57245 109.03  32.72   290    32
57265 111.73  32.43   132    31
57297 114.05  32.13   114    32
57328 107.50  31.20   344    28
57348 109.53  31.02   299    30
57378 112.57  31.17    65    31
57411 106.10  30.78   309    28
57447 109.47  30.28   457    31
57461 111.30  30.70   133    30
57494 114.05  30.60    23    31
57516 106.47  29.58   259    27
57598 114.58  29.03   146    32
57604 105.38  28.78   368    26
57633 108.77  28.82   826    30
57655 110.40  28.47   151    31
57662 111.68  29.12   150    29
57679 112.78  28.12   115    31
57687 112.92  28.22    68    31
57731 108.25  27.95   416    30
57745 109.68  27.45   272    31
57766 111.45  27.18   311    31
57799 114.92  27.05    71    32
57806 105.90  26.25  1431    28
57816 106.73  26.58  1223    30
57866 111.62  26.23   172    31
57902 105.18  25.43  1378    28
57922 107.55  25.83  1013    30
57957 110.30  25.32   164    29
57972 113.03  25.80   184    31
57993 115.00  25.87   137    30
58015 116.33  34.45    44    34
58027 117.15  34.28    41    35
58040 119.13  34.85     5    35
58150 120.25  33.77     2    34
58203 115.73  32.87    32    33
58221 117.30  32.85    26    34
58238 118.90  31.93    35    34
58251 120.28  32.85     3    34
58265 121.60  32.07     3    33
58314 116.32  31.40    86    33
58321 117.30  31.78    27    34
58362 121.45  31.40     5    33
58424 116.97  30.62    62    33
58457 120.17  30.23    41    33
58472 122.45  30.73    79    31
58477 122.10  30.03    35    31
58527 117.20  29.30    61    32
58562 121.55  29.78     5    32
58569 121.95  29.20   128    31
58606 115.92  28.60    46    32
58633 118.90  29.00    82    32
58665 121.42  28.62     4    31
58666 121.90  28.45    86    30
58715 116.65  27.58    80    31
58725 117.47  27.33   218    31
58731 118.53  27.92   276    31
58754 120.20  27.33    36    30
58834 118.17  26.63   152    30
58847 119.28  26.08    84    28
58911 116.37  25.85   310    29
58968 121.52  25.03     9    24
58974 122.07  25.63   102    25
59007 105.07  24.07  1249    28
59023 108.03  24.70   260    29
59046 109.40  24.35    96    29
59072 112.37  24.80   131    29
59082 113.60  24.67   121    29
59117 116.07  24.28   116    27
59134 118.07  24.48   139    25
59158 120.68  24.15    78    21
59211 106.60  23.90   174    29
59265 111.30  23.48   114    27
59287 113.48  23.22    70    26
59293 114.73  23.80    70    27
59316 116.68  23.40     2    25
59358 120.22  23.00    14    20
59417 106.85  22.33   128    28
59431 108.22  22.63   121    28
59456 110.93  22.35   141    25
59493 114.00  22.53    63    25
59501 115.37  22.80    16    25
59559 120.75  22.00    24    18
59644 109.13  21.45    12    26
59658 110.30  21.15    53    24
59663 111.97  21.83    89    25
59758 110.25  20.00    63    24
59792 116.72  20.67     6    20
59838 108.62  19.10     7    24
59855 110.47  19.23    24    24
59948 109.58  18.22   419    22
59981 112.33  16.83     4    19
59985 111.62  16.53     4    19
59997 114.37  10.38     5    13
60390   3.22  36.68    29    18
60590   2.87  30.57   403    20
60715  10.23  36.83     4    17
62010  13.08  32.70    63    19
62053  20.27  32.10   132    17
62062  23.93  32.10    51    17
62271  23.30  24.22   436    21
62721  32.55  15.60   380    13
91408 134.48   7.33    29    10
91413 138.07   9.48    14    11
98223 120.53  18.17     5    12
98233 121.75  17.63    62    14
98336 122.12  16.25     4    12
98429 121.00  14.50    15    11
98444 123.72  13.15    17     9
98446 124.20  13.58    40    10
98526 120.18  12.22    60     9
98538 122.73  11.60     4     8
98553 125.43  11.65     3     6
98618 118.75   9.73    15    10
98630 121.00  10.85     4    10
98653 125.48   9.77    55     4
98755 126.33   8.35     3     6
98836 122.05   6.92     6     8
