diamond  3 2014年01月11日08时海平面气压                      
  14  01  11  08 1000 16 50 45 40 35 30 25 20 15 10 5 0 -5 -10 -15 -20 -25 0 0
0 1   581
01028  19.00  74.52    18    13
01055  23.97  71.08    14    17
01152  14.35  67.27    12    12
01415   5.63  58.88     8     1
02186  22.12  65.53    17     9
02226  14.50  63.18   359     6
02464  17.88  59.35    13     2
02836  26.63  67.37   179    17
02935  25.68  62.40   145    -2
06180  12.63  55.60     5     8
06610   6.93  46.80   490    21
06660   8.55  47.37   557    21
07149   2.38  48.72    90    18
07650   5.20  43.43    32    20
07761   8.78  41.92     9    20
08306   2.73  39.55     5    18
10035   9.53  54.52    43    11
10410   6.97  51.40   149    18
10637   8.58  50.03   113    20
10739   9.20  48.82   317    21
10870  11.80  48.33   446    23
11036  16.57  48.10   184    22
11518  14.25  50.10   365    20
12375  20.95  52.15   106    11
13272  20.28  44.82    99    24
15120  23.57  46.77   410    22
15420  26.07  44.50    91    19
15614  23.38  42.65   591    24
16420  15.53  38.18    54    21
16597  14.48  35.85    91    22
16754  25.18  35.33    39    21
17038  39.72  41.00    34    17
17050  26.57  41.67    51    22
17060  28.82  40.97    33    22
17128  33.00  40.12   959    28
17240  30.55  37.75   997    25
20046  58.05  80.62    24    12
20069  76.97  79.48    10    18
20087  90.57  79.55     8    21
20292 104.28  77.70    15    23
20667  70.05  73.32     5    14
20674  80.40  73.50    46    12
20744  52.70  72.37    14    21
20891 102.45  71.97    32    17
21432 137.87  76.00    14    27
21802 114.08  71.97    17    28
21824 128.92  71.58     7    33
21946 147.88  70.62    61    31
22113  33.03  68.95    50    19
22271  44.17  67.87     8    17
22550  40.72  64.50     8     2
22583  47.65  64.75    64    10
22820  34.27  61.82   111    -9
22845  38.93  61.50   126   -13
22887  46.68  61.23    55    -2
23205  53.02  67.62    11    20
23256  78.73  67.47    27    13
23330  66.67  66.52    16    17
23418  57.13  65.12    59    18
23472  87.98  65.78    37    17
23552  77.82  64.92    27    20
23631  65.05  63.93    32    18
23678  87.97  63.15    45    20
23804  50.78  61.67   118     5
23955  77.87  60.43    48    19
23966  84.08  60.35  9999    20
24125 112.43  68.50   219    33
24143 124.00  68.73    38    37
24266 133.40  67.57   136    36
24329 114.28  66.25   235    38
24343 123.40  66.77    92    37
24382 143.23  66.45   195    31
24507 100.22  64.27   190    35
24641 121.62  63.78   110    40
24688 143.15  63.25   739    34
24817 108.02  61.27   290    44
24908 102.28  60.33   260    38
24944 120.42  60.40   229    46
24959 129.72  62.02   100    39
24966 134.45  60.38   170    38
25400 150.90  65.73    42    28
25913 150.78  59.55   116     8
26038  24.60  59.38    34    -5
26063  30.30  59.97     6   -13
26298  34.03  57.88   186   -17
26422  23.97  56.92     8    -3
26781  32.07  54.75   238   -11
26850  27.63  53.92   223    -3
27037  39.92  59.32   129   -15
27595  49.20  55.73   118     3
27612  37.62  55.83   156   -13
27947  41.33  52.80   128    -4
28064  65.72  59.63    72    13
28275  68.25  58.15    46    15
28440  60.63  56.83   281    10
28493  74.38  56.90    73    21
28698  73.38  55.02   122    24
28722  55.80  54.70   104     8
28838  59.08  53.35   384    12
28952  63.62  53.22   170    16
29231  82.95  58.32    75    21
29263  92.20  58.45    78    26
29430  84.92  56.50   139    26
29612  78.30  55.35   119    26
29698  99.03  54.88   411    36
29838  83.52  53.43   185    33
30054 112.58  59.45   190    50
30230 108.07  57.77   258    49
30309 101.75  56.28   416    37
30372 118.27  56.90   710    52
30393 124.87  56.83   858    45
30433 109.57  55.78   479    41
30521 105.17  54.80   418    44
30554 113.57  54.43   902    51
30635 109.02  53.42   460    39
30673 119.73  53.75   624    36
30692 123.97  54.00   397    30
30710 104.32  52.27   469    40
30758 113.48  52.08   670    40
30777 117.70  52.23   525    41
30844 110.47  51.37   801    36
30935 108.75  50.37   770    37
30949 111.97  49.57   907    32
30965 116.52  50.40   675    35
30975 119.07  50.33   521    36
31004 125.37  58.62   679    46
31054 135.15  59.18   212    38
31088 143.20  59.37     5     9
31168 138.15  56.45     7    13
31329 132.93  53.08   542    28
31369 140.70  53.15    66    11
31371 126.00  52.78   209    27
31388 129.92  52.35   207    27
31416 136.50  52.42    70    18
31445 128.12  51.45   200    25
31532 132.25  50.87   271    29
31538 132.13  50.07   347    27
31594 130.08  49.42   134    27
31707 130.97  47.73    72    25
31713 132.95  48.73    77    23
31735 135.18  48.52    76    21
31832 134.27  46.80    67    25
31909 136.60  45.00    61    22
31939 133.87  44.15   258    29
31960 131.92  43.12   188    28
32098 143.10  49.22     8    14
32150 142.72  46.95    24    14
32165 145.87  44.02    45    15
32389 160.83  56.32    28    -2
32411 155.58  55.58     5    -4
32618 165.98  55.20    17    -8
33345  30.57  50.40   167     4
33393  23.95  49.82   323    15
33791  33.22  48.03   124     9
33837  30.77  46.43    42    15
33946  34.13  44.68   181    14
34009  36.17  51.77   247    -3
34391  48.55  50.15    24    10
34560  44.37  48.78   134     8
34880  47.98  46.28   -20    15
35078  68.37  51.82   304    24
35121  55.07  51.68   117    10
35394  73.15  49.80   553    32
35416  54.68  49.07    95    13
35671  67.72  47.80   346    27
35700  51.92  47.12   -22    16
35796  75.08  46.80   350    37
35925  56.12  45.40    88    19
36003  76.93  52.30   122    31
36061  87.12  52.25   326    35
36103  96.12  52.47   919    47
36177  80.30  50.42   196    37
36428  84.52  49.20   401    45
36870  76.93  43.23   851    33
37018  39.07  44.10    61    15
37054  43.07  44.23   328    15
37472  47.50  43.00   -18    14
37985  48.83  38.73   -12    21
38001  50.25  44.55   -25    18
38062  65.50  44.85   130    24
38198  68.22  43.27   207    28
38232  54.12  42.97    78    21
38353  74.53  42.85   760    32
38392  59.82  41.75    82    22
38413  64.62  41.73   236    26
38457  69.30  41.33   477    28
38507  53.00  40.05    82    22
38613  72.95  40.92   765    38
38696  66.95  39.63   725    29
38750  53.97  37.47   -22    22
38880  58.38  37.97   304    24
38895  62.18  37.60   240    23
38911  65.20  37.83   240    26
38987  62.35  35.28   625    28
40100  35.48  33.82    19    21
40199  34.95  29.55    20    22
40362  43.48  29.62   444    16
40400  36.48  26.20    24    18
40405  43.77  26.30   648    15
40430  39.70  24.55   636    18
40642  40.28  33.03   631    20
40650  44.40  33.30    32    16
40712  45.05  37.65  1328    30
40754  51.32  35.68  1191    24
40766  47.15  34.35  1319    22
40800  51.70  32.52  1550    26
40809  59.20  32.87  1491    24
40821  54.28  31.90  1237    25
40841  56.97  30.25  1754    27
40848  52.60  29.53  1484    24
40856  60.88  29.47  1370    25
41024  39.18  21.70    17    16
41136  47.10  17.47   725    12
41140  42.58  16.88     7    13
41150  50.65  26.27     2    19
41196  55.52  25.33    33    21
41256  58.28  23.58     8    21
41288  58.88  20.67    19    20
41675  71.43  30.20   123    19
41715  68.47  28.30    56    19
41756  61.80  25.07    57    20
41768  69.78  25.52     6    19
41780  67.13  24.90    22    20
42071  74.87  31.63   234    19
42165  73.30  28.00   224    19
42182  77.20  28.58   216    18
42369  80.88  26.75   124    15
42410  91.58  26.10    72    17
42571  80.83  24.57   316    13
42591  84.95  24.75   116    14
42623  93.90  24.77   774    20
42634  69.80  23.25   117    16
42754  75.80  22.72   567    15
42809  88.45  22.65     6    15
42867  79.05  21.10   310    12
42886  84.08  21.92   230    14
42971  85.83  20.25    49    15
43003  72.85  19.12    14    14
43014  75.40  19.85   585    14
43041  82.03  19.08   554    16
43128  78.47  17.45   535    14
43150  83.30  17.68    69    14
43192  73.82  15.48    64    12
43237  77.63  14.58   372    14
43279  80.18  13.00    15    14
43284  74.88  12.92   106    12
44212  92.08  49.80   939    59
44218  91.57  48.02  1405    60
44231 100.17  49.63  1283    48
44239 103.55  48.80  1208    48
44241 106.07  48.92   807    49
44259 114.55  48.08   747    32
44272  96.85  47.75  1759    64
44277  96.25  46.40  2181    61
44282 101.47  47.45  1691    42
44288 102.78  46.27  1813    45
44292 106.87  47.92  1729    52
44298 108.22  46.45  1286    43
44304 110.63  47.32  1033    44
44341 106.28  45.77  1393    44
44352 112.37  45.73  1101    35
44354 110.12  44.90   938    38
44373 104.42  43.58  1465    40
45004 114.17  22.30    66    25
47008 129.82  41.78    43    28
47025 129.20  40.67    23    28
47041 127.55  39.93    22    29
47058 125.78  39.03    36    33
47108 126.95  37.57    87    34
47115 130.88  37.47   224    30
47159 129.02  35.10    70    33
47165 126.37  34.82    39    34
47184 126.52  33.50    21    34
47401 141.67  45.40    11    15
47412 141.32  43.05    26    19
47420 145.58  43.33    27    17
47426 142.78  42.17    38    19
47575 140.77  40.82     4    23
47582 140.08  39.72    21    24
47590 140.88  38.25    43    24
47600 136.88  37.38     6    27
47655 138.20  34.60    46    27
47662 139.77  35.68    36    26
47678 139.77  33.12   156    27
47740 133.33  36.20    32    29
47778 135.75  33.45    69    30
47800 129.30  34.20     4    33
47815 131.62  33.23    13    32
47909 129.50  28.38     8    30
47918 124.17  24.33    14    26
47927 125.28  24.80    41    27
47936 127.68  26.20    50    28
47945 131.23  25.83    20    28
47971 142.18  27.08     8    26
47991 153.98  24.28     8    19
48008  97.40  25.37   147    18
48018  96.33  24.17    95    15
48037  95.13  22.10    82    15
48042  96.10  21.98    76    16
48062  92.88  20.13     5    14
48080  94.35  18.47    11    14
48108  98.22  14.10    17    14
48109  93.37  14.12     3    14
48110  98.60  12.43    37    13
48327  98.97  18.77   314    19
48354 102.80  17.37   178    18
48375  98.53  16.70   197    15
48378 100.27  16.78    45    16
48407 104.87  15.25   123    18
48431 102.08  14.97   187    18
48455 100.55  13.72     4    15
48480 102.10  12.60     3    14
48500  99.80  11.83     5    14
48838 107.97  21.52     7    22
48839 107.72  20.13    56    21
48840 105.78  19.75     5    21
48845 105.68  18.67     6    21
48848 106.60  17.48     8    20
48855 108.35  16.07     7    20
48866 108.00  13.98   801    19
48870 109.22  13.77     6    18
48877 109.22  12.22     4    17
48887 108.10  10.93     5    14
48930 102.13  19.88   305    20
48940 102.57  17.95   171    17
50136 122.52  52.97   433    36
50246 124.72  52.35   361    29
50353 126.63  51.73   173    28
50434 121.68  50.48   732    38
50527 119.70  49.25   649    33
50557 125.23  49.17   242    30
50564 127.35  49.43   234    28
50603 116.82  48.67   554    31
50632 121.92  48.77   739    29
50658 125.88  48.05   236    29
50727 119.93  47.17   997    30
50745 123.92  47.38   147    28
50756 126.97  47.45   239    28
50774 128.83  47.70   264    28
50788 131.98  47.23    66    25
50888 132.18  46.32    83    25
50915 116.97  45.52   838    35
50949 124.87  45.08   136    28
50953 126.57  45.93   118    28
50978 130.92  45.30   272    26
50983 132.97  45.77   100    26
51053  86.40  48.05   532    46
51076  88.08  47.73   735    49
51087  89.52  46.98   807    51
51133  83.00  46.73   534    40
51156  85.72  46.78  1291    44
51232  82.57  45.18   336    49
51243  84.85  45.62   449    49
51379  89.57  44.02   793    48
51431  81.33  43.95   662    39
51463  87.65  43.78   935    43
51495  91.73  43.22   721    47
51573  89.20  42.93    34    46
51644  82.97  41.72  1081    46
51656  86.13  41.75   931    45
51709  75.98  39.47  1289    44
51716  78.57  39.80  1116    46
51777  88.17  39.03   887    47
51811  77.27  38.43  1231    45
51818  78.28  37.62  1375    45
51828  79.93  37.13  1375    44
51839  82.72  37.07  1409    44
51855  85.55  38.15  1247    46
52203  93.52  42.82   737    48
52267 101.07  41.95   940    41
52418  94.68  40.15  1139    48
52436  97.03  40.27  1526    46
52446  99.52  40.30  1177    45
52495 104.80  40.17  1323    42
52533  98.48  39.77  1477    46
52652 100.28  39.08  1461    51
52681 103.08  38.63  1367    43
52889 103.88  36.05  1517    41
53068 111.93  43.63   963    37
53083 114.15  44.62  1181    38
53149 110.13  42.53  1225    36
53192 114.95  44.02  1126    39
53276 112.90  42.40  1150    36
53336 108.52  41.57  1288    39
53352 110.43  41.70  1376    38
53391 114.00  41.90  1482    37
53463 111.57  40.85  1153    40
53480 113.07  41.03  1419    39
53487 113.42  40.08  1052    41
53502 105.75  39.78  1031    42
53513 107.37  40.73  1041    38
53529 107.97  39.08  1381    39
53543 109.98  39.83  1461    37
53564 111.15  39.38   861    42
53614 106.20  38.47  1110    38
53646 109.78  38.27  1157    37
53698 114.35  38.07   103    32
53705 105.68  37.48  1183    41
53723 107.38  37.80  1349    39
53772 112.58  37.62   776    35
53845 109.45  36.58  1180    39
53863 111.92  37.03   743    36
53898 114.40  36.05    62    33
53915 106.67  35.55  1346    38
53923 107.63  35.73  1421    36
53959 111.05  35.05   365    35
54012 117.60  44.58  1001    33
54026 120.90  44.57   265    29
54027 119.40  43.98   486    31
54094 129.60  44.57   241    28
54096 131.17  44.38   567    27
54102 116.12  43.95  1003    37
54115 118.03  43.63   825    33
54135 122.27  43.60   178    30
54157 124.33  43.17   165    30
54161 125.22  43.90   236    30
54208 116.47  42.18  1245    37
54218 118.83  42.30   668    34
54273 126.75  42.98   263    32
54285 128.12  42.42   721    31
54292 129.50  42.87   257    29
54337 121.12  41.13    65    32
54342 123.52  41.73    49    32
54374 126.88  41.80   379    36
54401 114.92  40.77   772    37
54423 117.92  40.97   422    35
54471 122.17  40.65     3    32
54493 124.78  40.72   260    34
54497 124.33  40.05    13    33
54511 116.47  39.80    31    32
54527 117.05  39.08     3    33
54534 118.10  39.65    23    33
54539 118.88  39.43    10    32
54602 115.48  38.73    16    33
54618 116.55  38.08    13    33
54662 121.63  38.90    91    33
54715 116.57  37.32    18    33
54725 117.53  37.50    11    34
54751 120.73  37.93    39    34
54776 122.70  37.40    47    34
54823 117.00  36.60   170    34
54843 119.20  36.75    22    34
54857 120.33  36.07    76    34
54863 121.18  36.78    40    34
54909 115.52  35.08    51    34
54916 116.85  35.57    51    35
54929 117.97  35.27   121    35
54945 119.53  35.43    36    34
56096 104.92  33.40  1079    31
56492 104.60  28.80   340    30
56838  97.85  24.00   762    21
56959 100.78  22.00   582    20
56964 100.97  22.78  1302    21
56966 101.98  23.60   400    21
56985 103.38  23.38  1300    19
56986 103.68  22.98  1414    24
57067 111.03  34.05   568    34
57071 112.43  34.82   333    34
57083 113.65  34.72   110    34
57127 107.03  33.07   509    33
57193 114.52  33.78    52    33
57237 108.03  32.07   674    31
57245 109.03  32.72   290    34
57265 111.73  32.43   132    34
57297 114.05  32.13   114    32
57328 107.50  31.20   344    30
57348 109.53  31.02   299    31
57378 112.57  31.17    65    33
57411 106.10  30.78   309    30
57447 109.47  30.28   457    31
57461 111.30  30.70   133    33
57494 114.05  30.60    23    32
57516 106.47  29.58   259    30
57598 114.58  29.03   146    31
57604 105.38  28.78   368    30
57633 108.77  28.82   826    32
57655 110.40  28.47   151    32
57662 111.68  29.12   150    32
57679 112.78  28.12   115    31
57687 112.92  28.22    68    31
57731 108.25  27.95   416    31
57745 109.68  27.45   272    32
57766 111.45  27.18   311    31
57799 114.92  27.05    71    29
57806 105.90  26.25  1431    30
57816 106.73  26.58  1223    30
57866 111.62  26.23   172    30
57902 105.18  25.43  1378    27
57922 107.55  25.83  1013    29
57957 110.30  25.32   164    28
57972 113.03  25.80   184    30
57993 115.00  25.87   137    27
58015 116.33  34.45    44    34
58027 117.15  34.28    41    34
58040 119.13  34.85     5    34
58150 120.25  33.77     2    34
58203 115.73  32.87    32    33
58221 117.30  32.85    26    33
58238 118.90  31.93    35    32
58251 120.28  32.85     3    33
58265 121.60  32.07     3    34
58314 116.32  31.40    86    33
58321 117.30  31.78    27    32
58362 121.45  31.40     5    33
58424 116.97  30.62    62    31
58457 120.17  30.23    41    32
58472 122.45  30.73    79    32
58477 122.10  30.03    35    32
58527 117.20  29.30    61    30
58562 121.55  29.78     5    32
58569 121.95  29.20   128    31
58606 115.92  28.60    46    30
58633 118.90  29.00    82    30
58665 121.42  28.62     4    31
58666 121.90  28.45    86    30
58715 116.65  27.58    80    28
58725 117.47  27.33   218    29
58731 118.53  27.92   276    29
58754 120.20  27.33    36    30
58834 118.17  26.63   152    29
58847 119.28  26.08    84    29
58911 116.37  25.85   310    28
58968 121.52  25.03     9    25
58974 122.07  25.63   102    27
59007 105.07  24.07  1249    23
59023 108.03  24.70   260    26
59046 109.40  24.35    96    26
59072 112.37  24.80   131    26
59082 113.60  24.67   121    27
59117 116.07  24.28   116    27
59134 118.07  24.48   139    27
59158 120.68  24.15    78    25
59211 106.60  23.90   174    23
59265 111.30  23.48   114    25
59287 113.48  23.22    70    26
59293 114.73  23.80    70    27
59316 116.68  23.40     2    27
59358 120.22  23.00    14    25
59417 106.85  22.33   128    23
59431 108.22  22.63   121    24
59456 110.93  22.35   141    23
59493 114.00  22.53    63    25
59501 115.37  22.80    16    26
59559 120.75  22.00    24    25
59644 109.13  21.45    12    23
59658 110.30  21.15    53    23
59663 111.97  21.83    89    24
59758 110.25  20.00    63    22
59792 116.72  20.67     6    22
59838 108.62  19.10     7    21
59855 110.47  19.23    24    21
59948 109.58  18.22   419    21
59981 112.33  16.83     4    19
59985 111.62  16.53     4    19
59997 114.37  10.38     5    15
60390   3.22  36.68    29    17
60590   2.87  30.57   403    21
60715  10.23  36.83     4    19
62010  13.08  32.70    63    23
62053  20.27  32.10   132    26
62062  23.93  32.10    51    24
62124  14.45  27.02   432    24
62271  23.30  24.22   436    30
62366  31.40  30.10    74    24
62387  30.73  28.08    40    24
62414  32.82  23.95   194    22
62641  37.22  19.58    42    18
62721  32.55  15.60   380    17
91212 144.78  13.47    75    14
91408 134.48   7.33    29    11
91413 138.07   9.48    14    12
98223 120.53  18.17     5    18
98336 122.12  16.25     4    21
98429 121.00  14.50    15    17
98444 123.72  13.15    17    16
98526 120.18  12.22    60    14
98618 118.75   9.73    15    14
98630 121.00  10.85     4    11
98653 125.48   9.77    55    11
98755 126.33   8.35     3    12
98836 122.05   6.92     6    12
